250
13 3
13 4
13 5
13 10
13 8
13 7
13 1
14 7
14 4
14 8
14 6
14 0
14 12
14 3
15 4
15 13
15 9
15 12
15 0
15 5
15 2
16 1
16 6
16 14
16 3
16 8
16 7
16 10
17 14
17 5
17 8
17 2
17 3
17 0
17 7
18 12
18 6
18 7
18 1
18 8
18 5
18 11
19 4
19 14
19 11
19 3
19 6
19 16
19 0
20 17
20 14
20 15
20 3
20 5
20 19
20 6
21 19
21 5
21 4
21 7
21 3
21 2
21 11
22 15
22 4
22 10
22 11
22 17
22 3
22 1
23 4
23 6
23 19
23 0
23 22
23 18
23 5
24 3
24 10
24 1
24 8
24 7
24 5
24 4
25 7
25 3
25 0
25 11
25 10
25 20
25 8
26 8
26 7
26 9
26 14
26 6
26 4
26 23
27 6
27 8
27 22
27 9
27 3
27 14
27 0
28 13
28 23
28 26
28 25
28 5
28 7
28 2
29 19
29 9
29 6
29 1
29 8
29 7
29 23
30 19
30 15
30 16
30 21
30 6
30 26
30 18
31 8
31 3
31 23
31 5
31 7
31 17
31 20
32 6
32 21
32 16
32 9
32 11
32 24
32 0
33 3
33 12
33 22
33 1
33 11
33 2
33 13
34 14
34 1
34 18
34 2
34 3
34 8
34 10
35 31
35 6
35 8
35 1
35 14
35 3
35 10
36 12
36 30
36 8
36 5
36 2
36 7
36 22
37 27
37 28
37 7
37 11
37 0
37 24
37 5
38 13
38 8
38 0
38 11
38 9
38 14
38 16
39 1
39 2
39 6
39 13
39 38
39 7
39 20
40 8
40 37
40 15
40 2
40 16
40 32
40 11
41 17
41 19
41 14
41 12
41 11
41 8
41 22
42 11
42 6
42 29
42 12
42 7
42 35
42 4
43 0
43 3
43 5
43 2
43 16
43 11
43 7
44 8
44 11
44 2
44 16
44 4
44 15
44 1
45 22
45 10
45 2
45 34
45 8
45 7
45 14
46 7
46 29
46 1
46 37
46 13
46 5
46 9
47 27
47 5
47 8
47 16
47 4
47 43
47 30
48 1
48 11
48 28
48 32
48 41
48 16
48 7
49 20
49 17
49 7
49 5
49 11
49 10
49 2
50 47
50 13
50 3
50 0
50 8
50 28
50 7
51 4
51 17
51 7
51 49
51 0
51 10
51 14
52 18
52 28
52 12
52 50
52 46
52 0
52 8
53 14
53 23
53 43
53 5
53 0
53 16
53 4
54 25
54 9
54 11
54 32
54 4
54 2
54 23
55 7
55 50
55 35
55 0
55 13
55 2
55 43
56 1
56 22
56 10
56 28
56 39
56 16
56 9
57 11
57 10
57 20
57 21
57 15
57 7
57 43
58 15
58 0
58 3
58 42
58 20
58 10
58 22
59 31
59 37
59 18
59 35
59 14
59 30
59 58
60 13
60 22
60 3
60 33
60 6
60 45
60 23
61 28
61 10
61 12
61 44
61 13
61 31
61 24
62 6
62 37
62 27
62 2
62 29
62 12
62 30
63 7
63 32
63 8
63 0
63 59
63 24
63 17
64 37
64 5
64 49
64 13
64 56
64 20
64 48
65 1
65 43
65 60
65 10
65 23
65 5
65 51
66 3
66 44
66 2
66 31
66 14
66 10
66 13
67 58
67 1
67 13
67 5
67 4
67 16
67 31
68 6
68 18
68 11
68 10
68 30
68 5
68 39
69 53
69 14
69 13
69 37
69 40
69 48
69 9
70 8
70 52
70 0
70 32
70 10
70 53
70 4
71 42
71 17
71 14
71 64
71 4
71 18
71 0
72 33
72 12
72 35
72 14
72 3
72 8
72 18
73 20
73 2
73 5
73 0
73 13
73 66
73 30
74 43
74 18
74 8
74 45
74 35
74 16
74 2
75 34
75 0
75 45
75 59
75 22
75 30
75 7
76 0
76 68
76 15
76 38
76 8
76 11
76 39
77 3
77 10
77 0
77 58
77 22
77 12
77 66
78 6
78 65
78 48
78 1
78 11
78 4
78 33
79 28
79 18
79 34
79 10
79 59
79 20
79 22
80 3
80 8
80 52
80 32
80 22
80 33
80 30
81 60
81 68
81 20
81 19
81 70
81 25
81 28
82 19
82 10
82 0
82 31
82 1
82 18
82 16
83 0
83 8
83 11
83 77
83 14
83 2
83 13
84 74
84 20
84 46
84 57
84 52
84 24
84 58
85 71
85 19
85 38
85 68
85 47
85 10
85 9
86 12
86 11
86 15
86 14
86 10
86 3
86 53
87 72
87 15
87 75
87 8
87 62
87 4
87 13
88 13
88 7
88 11
88 56
88 28
88 19
88 80
89 38
89 27
89 56
89 5
89 25
89 33
89 0
90 16
90 46
90 89
90 28
90 7
90 72
90 70
91 60
91 19
91 24
91 10
91 0
91 5
91 25
92 53
92 3
92 71
92 11
92 52
92 2
92 85
93 0
93 45
93 39
93 4
93 72
93 8
93 16
94 33
94 50
94 36
94 10
94 3
94 40
94 19
95 19
95 23
95 4
95 0
95 7
95 14
95 50
96 3
96 9
96 87
96 55
96 15
96 34
96 46
97 30
97 19
97 1
97 86
97 64
97 73
97 16
98 4
98 85
98 84
98 81
98 23
98 6
98 11
99 13
99 37
99 72
99 63
99 38
99 6
99 4
100 40
100 82
100 9
100 32
100 25
100 13
100 18
101 0
101 88
101 22
101 56
101 51
101 4
101 14
102 88
102 26
102 94
102 8
102 82
102 12
102 6
103 7
103 11
103 80
103 0
103 1
103 23
103 10
104 37
104 87
104 89
104 7
104 84
104 46
104 8
105 15
105 22
105 95
105 53
105 7
105 82
105 28
106 13
106 2
106 30
106 76
106 42
106 7
106 10
107 26
107 6
107 13
107 25
107 12
107 5
107 39
108 71
108 89
108 0
108 11
108 7
108 76
108 3
109 40
109 0
109 2
109 75
109 16
109 5
109 6
110 11
110 20
110 64
110 95
110 13
110 71
110 59
111 14
111 48
111 26
111 34
111 4
111 19
111 82
112 83
112 27
112 18
112 28
112 92
112 59
112 58
113 33
113 3
113 45
113 20
113 37
113 58
113 18
114 12
114 45
114 84
114 2
114 18
114 0
114 9
115 103
115 58
115 14
115 7
115 4
115 53
115 28
116 94
116 5
116 15
116 7
116 58
116 6
116 67
117 37
117 83
117 2
117 80
117 7
117 84
117 66
118 103
118 7
118 6
118 8
118 40
118 0
118 81
119 47
119 39
119 18
119 85
119 21
119 28
119 15
120 84
120 14
120 60
120 35
120 75
120 10
120 6
121 15
121 4
121 60
121 12
121 63
121 28
121 13
122 105
122 22
122 28
122 4
122 101
122 43
122 73
123 3
123 25
123 41
123 28
123 17
123 19
123 2
124 35
124 45
124 7
124 22
124 49
124 1
124 123
125 30
125 81
125 0
125 122
125 101
125 94
125 35
126 8
126 18
126 77
126 12
126 15
126 106
126 3
127 108
127 81
127 20
127 4
127 39
127 69
127 16
128 99
128 34
128 121
128 66
128 31
128 54
128 30
129 63
129 16
129 19
129 14
129 117
129 113
129 8
130 31
130 61
130 1
130 57
130 3
130 107
130 22
131 42
131 9
131 25
131 7
131 14
131 8
131 50
132 52
132 106
132 1
132 107
132 123
132 4
132 0
133 107
133 54
133 60
133 5
133 48
133 2
133 20
134 7
134 26
134 19
134 45
134 67
134 12
134 4
135 29
135 14
135 30
135 16
135 95
135 134
135 31
136 43
136 81
136 31
136 82
136 90
136 121
136 5
137 8
137 32
137 3
137 4
137 57
137 14
137 26
138 28
138 54
138 40
138 7
138 37
138 107
138 80
139 12
139 6
139 25
139 81
139 55
139 99
139 16
140 8
140 108
140 23
140 133
140 32
140 73
140 97
141 7
141 84
141 54
141 5
141 11
141 3
141 114
142 45
142 14
142 117
142 19
142 52
142 44
142 94
143 14
143 8
143 29
143 28
143 40
143 16
143 13
144 100
144 18
144 43
144 39
144 8
144 55
144 14
145 61
145 51
145 94
145 114
145 43
145 1
145 29
146 69
146 56
146 65
146 13
146 92
146 10
146 7
147 99
147 19
147 71
147 10
147 6
147 53
147 30
148 8
148 60
148 41
148 72
148 93
148 120
148 18
149 106
149 59
149 4
149 5
149 112
149 1
149 35
150 95
150 3
150 128
150 2
150 20
150 27
150 112
151 10
151 101
151 7
151 9
151 24
151 16
151 17
152 97
152 55
152 24
152 48
152 8
152 10
152 121
153 30
153 12
153 29
153 51
153 37
153 0
153 11
154 22
154 88
154 138
154 67
154 20
154 78
154 60
155 14
155 95
155 51
155 32
155 0
155 1
155 3
156 26
156 49
156 3
156 154
156 81
156 43
156 45
157 9
157 31
157 10
157 72
157 1
157 3
157 84
158 81
158 30
158 10
158 53
158 24
158 1
158 19
159 3
159 12
159 154
159 8
159 40
159 100
159 84
160 89
160 32
160 149
160 35
160 24
160 59
160 4
161 107
161 38
161 90
161 30
161 3
161 86
161 22
162 21
162 32
162 26
162 78
162 81
162 43
162 17
163 106
163 80
163 11
163 46
163 7
163 30
163 32
164 48
164 55
164 60
164 74
164 2
164 105
164 26
165 22
165 23
165 7
165 46
165 100
165 122
165 5
166 61
166 5
166 15
166 45
166 100
166 11
166 107
167 9
167 138
167 63
167 13
167 67
167 102
167 156
168 137
168 52
168 133
168 28
168 39
168 118
168 23
169 163
169 29
169 32
169 17
169 6
169 2
169 41
170 152
170 8
170 48
170 4
170 43
170 99
170 9
171 144
171 7
171 25
171 78
171 9
171 35
171 131
172 13
172 6
172 10
172 100
172 12
172 1
172 82
173 95
173 86
173 110
173 45
173 6
173 48
173 93
174 38
174 3
174 48
174 164
174 153
174 99
174 29
175 14
175 5
175 3
175 11
175 9
175 8
175 6
176 112
176 1
176 4
176 15
176 105
176 122
176 95
177 60
177 129
177 7
177 46
177 172
177 68
177 115
178 7
178 58
178 3
178 90
178 177
178 127
178 11
179 7
179 38
179 84
179 135
179 76
179 9
179 47
180 10
180 91
180 83
180 72
180 60
180 55
180 152
181 111
181 37
181 143
181 115
181 18
181 154
181 106
182 164
182 8
182 5
182 35
182 34
182 55
182 21
183 28
183 25
183 114
183 85
183 98
183 21
183 181
184 162
184 58
184 20
184 11
184 175
184 4
184 60
185 28
185 170
185 0
185 148
185 118
185 119
185 12
186 9
186 126
186 29
186 88
186 33
186 17
186 2
187 22
187 105
187 150
187 10
187 132
187 87
187 43
188 74
188 124
188 8
188 164
188 18
188 3
188 43
189 8
189 13
189 28
189 133
189 1
189 182
189 34
190 17
190 92
190 38
190 91
190 75
190 169
190 50
191 29
191 87
191 100
191 39
191 141
191 125
191 35
192 152
192 6
192 58
192 83
192 113
192 77
192 7
193 8
193 37
193 7
193 4
193 51
193 161
193 172
194 137
194 19
194 106
194 3
194 126
194 80
194 7
195 124
195 25
195 6
195 68
195 8
195 15
195 10
196 43
196 93
196 123
196 120
196 56
196 2
196 81
197 121
197 113
197 6
197 186
197 39
197 64
197 114
198 34
198 14
198 192
198 39
198 96
198 120
198 13
199 70
199 184
199 13
199 123
199 34
199 173
199 42
200 19
200 135
200 12
200 38
200 144
200 186
200 178
201 8
201 130
201 63
201 6
201 141
201 7
201 124
202 18
202 12
202 200
202 10
202 142
202 16
202 5
203 26
203 8
203 67
203 86
203 43
203 69
203 144
204 2
204 84
204 71
204 200
204 65
204 8
204 53
205 19
205 168
205 74
205 201
205 43
205 178
205 167
206 14
206 11
206 97
206 117
206 123
206 122
206 170
207 38
207 10
207 84
207 47
207 18
207 15
207 137
208 5
208 78
208 64
208 170
208 197
208 187
208 72
209 4
209 93
209 141
209 8
209 175
209 169
209 144
210 145
210 123
210 16
210 81
210 109
210 18
210 78
211 90
211 58
211 81
211 108
211 86
211 31
211 8
212 105
212 0
212 14
212 10
212 7
212 45
212 25
213 7
213 13
213 45
213 184
213 53
213 3
213 1
214 192
214 110
214 2
214 137
214 209
214 72
214 56
215 7
215 6
215 95
215 13
215 50
215 66
215 38
216 1
216 35
216 122
216 0
216 9
216 3
216 92
217 41
217 30
217 94
217 174
217 148
217 69
217 44
218 4
218 61
218 44
218 145
218 16
218 26
218 11
219 31
219 8
219 7
219 3
219 144
219 138
219 65
220 19
220 96
220 179
220 9
220 0
220 17
220 178
221 2
221 126
221 15
221 208
221 4
221 37
221 14
222 120
222 6
222 45
222 15
222 118
222 190
222 26
223 50
223 132
223 114
223 94
223 176
223 10
223 70
224 1
224 18
224 144
224 71
224 42
224 20
224 113
225 97
225 37
225 141
225 126
225 12
225 207
225 190
226 18
226 55
226 205
226 3
226 192
226 212
226 124
227 25
227 8
227 115
227 223
227 72
227 56
227 57
228 107
228 10
228 145
228 60
228 178
228 13
228 6
229 121
229 141
229 35
229 7
229 8
229 200
229 54
230 87
230 105
230 83
230 52
230 1
230 225
230 9
231 151
231 61
231 172
231 28
231 67
231 165
231 0
232 163
232 49
232 28
232 206
232 2
232 61
232 123
233 189
233 14
233 71
233 8
233 216
233 100
233 65
234 138
234 121
234 184
234 223
234 5
234 39
234 20
235 95
235 45
235 82
235 222
235 109
235 115
235 18
236 37
236 125
236 65
236 169
236 66
236 44
236 235
237 11
237 100
237 156
237 20
237 53
237 200
237 2
238 10
238 30
238 7
238 201
238 91
238 107
238 78
239 140
239 129
239 4
239 0
239 17
239 24
239 27
240 57
240 8
240 87
240 43
240 112
240 19
240 127
241 72
241 208
241 111
241 3
241 7
241 142
241 57
242 46
242 11
242 0
242 153
242 65
242 105
242 169
243 22
243 218
243 170
243 50
243 117
243 0
243 33
244 166
244 33
244 130
244 46
244 92
244 3
244 0
245 30
245 55
245 201
245 10
245 44
245 138
245 174
246 116
246 177
246 100
246 109
246 6
246 10
246 50
247 217
247 7
247 8
247 236
247 187
247 37
247 3
248 23
248 0
248 232
248 9
248 125
248 2
248 76
249 0
249 41
249 5
249 79
249 16
249 8
249 218
250 44
250 17
250 19
250 35
250 222
250 0
250 43
