2000
0  1
0  2
0  3
0  4
1  2
1  3
1  4
2  3
2  4
3  4
6 0
6 1
7 1
7 3
8 6
8 1
9 1
9 8
10 1
10 7
11 6
11 7
12 1
12 7
13 8
13 7
14 11
14 6
15 6
15 7
16 13
16 6
17 7
17 1
18 2
18 3
19 17
19 2
20 16
20 2
21 2
21 8
22 13
22 2
23 1
23 2
24 8
24 1
25 12
25 8
26 8
26 3
27 8
27 22
28 6
28 3
29 16
29 4
30 6
30 9
31 23
31 3
32 19
32 1
33 16
33 3
34 1
34 30
35 16
35 17
36 16
36 1
37 7
37 2
38 1
38 18
39 22
39 3
40 12
40 3
41 1
41 9
42 31
42 27
43 13
43 3
44 37
44 1
45 30
45 15
46 6
46 37
47 40
47 0
48 2
48 6
49 4
49 3
50 2
50 3
51 13
51 31
52 13
52 8
53 5
53 16
54 32
54 2
55 3
55 23
56 3
56 42
57 2
57 7
58 38
58 13
59 41
59 35
60 50
60 53
61 35
61 33
62 0
62 3
63 3
63 23
64 31
64 12
65 42
65 2
66 16
66 62
67 0
67 3
68 1
68 0
69 42
69 1
70 17
70 69
71 0
71 40
72 42
72 18
73 21
73 17
74 42
74 31
75 6
75 14
76 11
76 1
77 7
77 1
78 4
78 75
79 7
79 30
80 38
80 69
81 50
81 27
82 68
82 81
83 17
83 5
84 6
84 3
85 69
85 63
86 73
86 41
87 12
87 3
88 15
88 27
89 31
89 1
90 1
90 42
91 2
91 69
92 62
92 4
93 75
93 23
94 75
94 76
95 8
95 81
96 31
96 6
97 61
97 30
98 57
98 3
99 49
99 64
100 4
100 1
101 1
101 16
102 18
102 30
103 71
103 2
104 21
104 3
105 7
105 3
106 0
106 76
107 101
107 83
108 56
108 3
109 3
109 18
110 3
110 59
111 28
111 1
112 69
112 16
113 8
113 56
114 9
114 74
115 49
115 23
116 1
116 94
117 33
117 49
118 1
118 75
119 53
119 56
120 6
120 103
121 47
121 2
122 29
122 42
123 48
123 110
124 3
124 0
125 82
125 31
126 7
126 49
127 31
127 28
128 3
128 8
129 59
129 14
130 94
130 4
131 117
131 4
132 3
132 1
133 51
133 1
134 0
134 104
135 56
135 42
136 44
136 12
137 75
137 1
138 56
138 30
139 18
139 3
140 13
140 23
141 7
141 120
142 31
142 53
143 3
143 131
144 2
144 8
145 77
145 2
146 78
146 3
147 76
147 77
148 58
148 40
149 6
149 65
150 95
150 75
151 122
151 3
152 85
152 127
153 37
153 151
154 21
154 136
155 68
155 31
156 6
156 46
157 3
157 136
158 56
158 10
159 18
159 22
160 80
160 1
161 108
161 71
162 3
162 157
163 8
163 139
164 75
164 62
165 0
165 35
166 140
166 81
167 8
167 2
168 3
168 17
169 3
169 31
170 10
170 104
171 16
171 133
172 1
172 130
173 16
173 62
174 44
174 7
175 31
175 1
176 1
176 3
177 127
177 2
178 108
178 15
179 3
179 122
180 1
180 121
181 18
181 132
182 32
182 68
183 97
183 57
184 31
184 64
185 13
185 107
186 155
186 8
187 30
187 8
188 183
188 13
189 1
189 37
190 3
190 8
191 42
191 31
192 93
192 78
193 100
193 7
194 145
194 76
195 37
195 93
196 146
196 1
197 1
197 56
198 188
198 8
199 9
199 159
200 127
200 6
201 155
201 180
202 18
202 82
203 127
203 3
204 170
204 174
205 160
205 31
206 14
206 81
207 159
207 169
208 32
208 3
209 2
209 179
210 75
210 145
211 8
211 206
212 8
212 52
213 50
213 42
214 156
214 35
215 11
215 127
216 143
216 8
217 150
217 8
218 91
218 3
219 211
219 64
220 181
220 193
221 12
221 15
222 120
222 14
223 115
223 22
224 162
224 152
225 66
225 2
226 181
226 213
227 2
227 69
228 130
228 194
229 2
229 165
230 155
230 142
231 46
231 25
232 35
232 177
233 79
233 91
234 25
234 142
235 0
235 81
236 40
236 31
237 119
237 94
238 9
238 96
239 174
239 80
240 25
240 2
241 173
241 223
242 8
242 136
243 8
243 22
244 23
244 192
245 111
245 1
246 40
246 4
247 6
247 1
248 58
248 156
249 42
249 91
250 1
250 223
251 117
251 125
252 91
252 147
253 159
253 7
254 7
254 2
255 2
255 95
256 147
256 3
257 208
257 159
258 178
258 79
259 231
259 81
260 3
260 115
261 2
261 30
262 237
262 29
263 7
263 120
264 162
264 7
265 237
265 218
266 190
266 107
267 3
267 105
268 14
268 139
269 14
269 75
270 199
270 120
271 196
271 184
272 6
272 175
273 42
273 200
274 224
274 13
275 265
275 75
276 47
276 77
277 8
277 138
278 114
278 16
279 4
279 8
280 23
280 2
281 41
281 182
282 1
282 172
283 74
283 1
284 15
284 188
285 7
285 103
286 64
286 2
287 31
287 75
288 3
288 26
289 127
289 10
290 206
290 61
291 56
291 55
292 108
292 8
293 50
293 178
294 189
294 32
295 38
295 265
296 5
296 8
297 77
297 56
298 59
298 57
299 181
299 37
300 1
300 52
301 30
301 102
302 16
302 8
303 7
303 6
304 264
304 207
305 162
305 53
306 32
306 40
307 69
307 120
308 217
308 13
309 136
309 89
310 304
310 56
311 186
311 7
312 31
312 193
313 149
313 286
314 248
314 76
315 271
315 153
316 2
316 111
317 105
317 139
318 221
318 12
319 260
319 296
320 16
320 217
321 30
321 80
322 304
322 159
323 1
323 311
324 1
324 2
325 6
325 18
326 58
326 135
327 102
327 50
328 318
328 313
329 212
329 24
330 136
330 276
331 37
331 162
332 1
332 157
333 207
333 321
334 299
334 31
335 42
335 1
336 58
336 3
337 21
337 0
338 280
338 13
339 10
339 141
340 151
340 321
341 2
341 35
342 1
342 0
343 130
343 261
344 2
344 9
345 69
345 311
346 37
346 31
347 8
347 246
348 117
348 1
349 51
349 20
350 51
350 13
351 40
351 150
352 27
352 287
353 96
353 246
354 116
354 177
355 139
355 104
356 185
356 31
357 208
357 21
358 178
358 56
359 14
359 22
360 49
360 131
361 231
361 325
362 21
362 57
363 115
363 112
364 31
364 211
365 40
365 104
366 14
366 277
367 7
367 159
368 299
368 281
369 100
369 17
370 162
370 212
371 101
371 100
372 21
372 8
373 31
373 98
374 36
374 347
375 344
375 306
376 2
376 1
377 183
377 101
378 319
378 276
379 5
379 116
380 152
380 2
381 35
381 45
382 0
382 22
383 108
383 103
384 105
384 159
385 383
385 174
386 227
386 273
387 24
387 170
388 2
388 104
389 31
389 110
390 338
390 6
391 188
391 269
392 27
392 0
393 45
393 24
394 9
394 181
395 215
395 302
396 112
396 162
397 231
397 40
398 240
398 363
399 59
399 43
400 7
400 13
401 278
401 177
402 3
402 225
403 342
403 20
404 104
404 136
405 8
405 35
406 109
406 266
407 3
407 154
408 75
408 47
409 258
409 38
410 2
410 21
411 311
411 81
412 58
412 298
413 106
413 57
414 229
414 1
415 148
415 49
416 212
416 133
417 260
417 100
418 250
418 190
419 49
419 62
420 191
420 76
421 162
421 46
422 162
422 101
423 285
423 31
424 3
424 156
425 112
425 7
426 103
426 136
427 1
427 31
428 0
428 179
429 245
429 45
430 26
430 172
431 136
431 244
432 154
432 181
433 1
433 166
434 16
434 340
435 199
435 155
436 8
436 197
437 103
437 4
438 326
438 2
439 2
439 65
440 405
440 12
441 152
441 311
442 108
442 397
443 15
443 203
444 6
444 162
445 280
445 50
446 108
446 296
447 23
447 16
448 232
448 31
449 152
449 364
450 281
450 57
451 192
451 427
452 174
452 57
453 112
453 419
454 89
454 213
455 50
455 174
456 130
456 7
457 56
457 17
458 193
458 443
459 141
459 441
460 25
460 349
461 202
461 233
462 7
462 373
463 274
463 31
464 35
464 77
465 225
465 95
466 374
466 188
467 284
467 2
468 85
468 0
469 30
469 12
470 96
470 219
471 390
471 304
472 75
472 326
473 2
473 143
474 419
474 31
475 45
475 107
476 179
476 281
477 433
477 69
478 130
478 53
479 136
479 3
480 8
480 154
481 6
481 444
482 11
482 430
483 58
483 21
484 69
484 29
485 35
485 2
486 6
486 156
487 56
487 310
488 186
488 107
489 304
489 157
490 30
490 262
491 109
491 197
492 237
492 2
493 8
493 1
494 329
494 135
495 127
495 96
496 205
496 46
497 428
497 7
498 2
498 85
499 261
499 51
500 162
500 37
501 232
501 323
502 452
502 383
503 169
503 61
504 7
504 353
505 137
505 7
506 16
506 45
507 13
507 19
508 2
508 8
509 84
509 109
510 379
510 22
511 491
511 3
512 280
512 321
513 7
513 130
514 1
514 8
515 39
515 65
516 175
516 483
517 305
517 115
518 428
518 1
519 6
519 49
520 472
520 300
521 2
521 3
522 360
522 1
523 426
523 23
524 75
524 208
525 448
525 237
526 58
526 2
527 452
527 162
528 69
528 178
529 417
529 86
530 2
530 16
531 174
531 366
532 159
532 8
533 43
533 428
534 265
534 69
535 245
535 297
536 49
536 154
537 371
537 2
538 30
538 42
539 42
539 169
540 6
540 160
541 447
541 304
542 8
542 361
543 161
543 14
544 192
544 173
545 231
545 5
546 403
546 310
547 231
547 75
548 58
548 148
549 50
549 102
550 515
550 517
551 77
551 97
552 136
552 1
553 159
553 454
554 2
554 191
555 435
555 107
556 197
556 0
557 1
557 108
558 270
558 227
559 212
559 349
560 79
560 214
561 31
561 1
562 274
562 151
563 453
563 10
564 430
564 292
565 552
565 1
566 8
566 1
567 436
567 3
568 1
568 2
569 173
569 225
570 435
570 130
571 370
571 8
572 313
572 223
573 62
573 49
574 63
574 100
575 139
575 26
576 9
576 101
577 122
577 419
578 216
578 67
579 561
579 218
580 39
580 1
581 1
581 162
582 216
582 81
583 405
583 299
584 543
584 431
585 1
585 208
586 69
586 533
587 406
587 160
588 0
588 429
589 5
589 2
590 9
590 522
591 20
591 442
592 276
592 178
593 3
593 431
594 265
594 422
595 298
595 200
596 22
596 115
597 487
597 532
598 558
598 476
599 107
599 149
600 130
600 75
601 6
601 274
602 517
602 202
603 371
603 122
604 2
604 9
605 401
605 2
606 2
606 530
607 1
607 417
608 360
608 268
609 280
609 418
610 90
610 40
611 527
611 160
612 369
612 65
613 311
613 535
614 157
614 506
615 300
615 565
616 444
616 1
617 388
617 297
618 43
618 549
619 49
619 68
620 6
620 116
621 503
621 6
622 20
622 31
623 49
623 127
624 153
624 69
625 135
625 568
626 69
626 49
627 111
627 221
628 429
628 345
629 24
629 1
630 113
630 368
631 170
631 127
632 292
632 346
633 199
633 49
634 361
634 75
635 10
635 111
636 509
636 56
637 529
637 117
638 2
638 30
639 2
639 237
640 56
640 340
641 108
641 516
642 2
642 40
643 441
643 426
644 56
644 6
645 117
645 7
646 107
646 189
647 1
647 55
648 1
648 98
649 635
649 31
650 15
650 155
651 87
651 31
652 2
652 1
653 155
653 310
654 419
654 572
655 390
655 69
656 258
656 346
657 293
657 2
658 627
658 2
659 78
659 243
660 8
660 276
661 191
661 569
662 130
662 525
663 81
663 64
664 600
664 54
665 45
665 515
666 443
666 518
667 2
667 9
668 40
668 343
669 59
669 126
670 44
670 345
671 35
671 177
672 658
672 280
673 21
673 8
674 517
674 57
675 1
675 199
676 59
676 434
677 1
677 8
678 7
678 212
679 23
679 91
680 294
680 137
681 2
681 383
682 75
682 398
683 171
683 12
684 6
684 308
685 234
685 31
686 191
686 1
687 227
687 457
688 174
688 612
689 13
689 76
690 87
690 8
691 158
691 229
692 383
692 104
693 555
693 31
694 199
694 125
695 95
695 2
696 40
696 104
697 1
697 91
698 406
698 30
699 148
699 41
700 114
700 28
701 34
701 2
702 153
702 447
703 1
703 147
704 525
704 216
705 622
705 75
706 58
706 42
707 37
707 35
708 581
708 592
709 223
709 45
710 8
710 181
711 136
711 16
712 116
712 208
713 13
713 582
714 673
714 80
715 32
715 157
716 534
716 111
717 263
717 50
718 7
718 27
719 40
719 182
720 104
720 249
721 75
721 243
722 69
722 372
723 218
723 237
724 161
724 38
725 361
725 120
726 594
726 83
727 191
727 276
728 58
728 155
729 66
729 90
730 692
730 358
731 46
731 227
732 1
732 2
733 640
733 278
734 515
734 1
735 169
735 692
736 56
736 97
737 174
737 12
738 220
738 401
739 28
739 648
740 138
740 156
741 58
741 136
742 515
742 61
743 162
743 277
744 101
744 654
745 8
745 304
746 570
746 12
747 278
747 7
748 66
748 61
749 68
749 75
750 8
750 612
751 525
751 25
752 218
752 8
753 368
753 61
754 108
754 4
755 159
755 522
756 219
756 268
757 241
757 754
758 54
758 237
759 1
759 586
760 473
760 219
761 100
761 32
762 120
762 600
763 315
763 266
764 131
764 31
765 600
765 397
766 69
766 2
767 2
767 38
768 411
768 3
769 324
769 27
770 22
770 539
771 3
771 184
772 4
772 3
773 109
773 116
774 31
774 4
775 612
775 115
776 1
776 200
777 31
777 258
778 274
778 545
779 175
779 39
780 510
780 159
781 581
781 263
782 227
782 747
783 7
783 694
784 24
784 160
785 598
785 42
786 31
786 2
787 181
787 112
788 308
788 248
789 532
789 615
790 663
790 16
791 31
791 26
792 321
792 6
793 727
793 417
794 284
794 55
795 189
795 317
796 50
796 547
797 665
797 292
798 606
798 6
799 197
799 58
800 3
800 2
801 338
801 58
802 359
802 191
803 390
803 515
804 648
804 736
805 3
805 127
806 100
806 4
807 371
807 430
808 606
808 57
809 16
809 31
810 299
810 669
811 180
811 200
812 350
812 3
813 674
813 227
814 713
814 109
815 56
815 467
816 8
816 208
817 206
817 43
818 2
818 69
819 65
819 31
820 505
820 404
821 515
821 2
822 68
822 54
823 567
823 159
824 281
824 93
825 405
825 249
826 434
826 281
827 8
827 296
828 456
828 730
829 267
829 234
830 16
830 488
831 178
831 357
832 276
832 136
833 1
833 435
834 808
834 117
835 300
835 793
836 112
836 159
837 52
837 423
838 13
838 30
839 177
839 46
840 681
840 531
841 38
841 649
842 108
842 546
843 231
843 595
844 151
844 93
845 234
845 304
846 472
846 152
847 37
847 292
848 59
848 106
849 2
849 189
850 42
850 3
851 62
851 250
852 216
852 103
853 690
853 475
854 148
854 136
855 8
855 42
856 132
856 215
857 3
857 62
858 275
858 1
859 711
859 663
860 212
860 363
861 180
861 27
862 33
862 448
863 318
863 312
864 135
864 622
865 172
865 656
866 7
866 92
867 555
867 81
868 110
868 7
869 69
869 715
870 168
870 56
871 50
871 58
872 602
872 8
873 1
873 100
874 62
874 855
875 60
875 300
876 65
876 58
877 830
877 598
878 1
878 81
879 431
879 222
880 148
880 95
881 154
881 7
882 31
882 639
883 346
883 812
884 83
884 241
885 561
885 13
886 449
886 289
887 803
887 167
888 811
888 1
889 4
889 75
890 360
890 154
891 161
891 557
892 395
892 332
893 854
893 892
894 75
894 201
895 641
895 0
896 869
896 31
897 612
897 738
898 40
898 23
899 330
899 153
900 70
900 135
901 69
901 1
902 302
902 532
903 641
903 249
904 830
904 44
905 262
905 42
906 1
906 766
907 136
907 140
908 2
908 678
909 7
909 127
910 632
910 803
911 16
911 704
912 30
912 3
913 215
913 3
914 100
914 59
915 212
915 63
916 798
916 612
917 884
917 747
918 304
918 902
919 381
919 69
920 900
920 244
921 76
921 250
922 754
922 35
923 573
923 58
924 9
924 791
925 156
925 744
926 161
926 498
927 1
927 754
928 37
928 107
929 631
929 663
930 0
930 464
931 20
931 13
932 792
932 22
933 561
933 642
934 42
934 6
935 79
935 692
936 160
936 270
937 264
937 905
938 557
938 3
939 516
939 30
940 187
940 107
941 876
941 18
942 167
942 9
943 85
943 428
944 91
944 704
945 4
945 612
946 101
946 212
947 790
947 706
948 56
948 38
949 42
949 137
950 1
950 35
951 69
951 568
952 539
952 4
953 371
953 154
954 31
954 830
955 795
955 1
956 359
956 741
957 555
957 587
958 730
958 30
959 341
959 854
960 712
960 130
961 694
961 89
962 755
962 244
963 640
963 732
964 63
964 13
965 225
965 449
966 22
966 69
967 387
967 35
968 641
968 61
969 197
969 184
970 8
970 532
971 168
971 601
972 1
972 8
973 965
973 16
974 827
974 547
975 438
975 0
976 408
976 223
977 488
977 201
978 333
978 81
979 23
979 511
980 260
980 53
981 825
981 713
982 400
982 341
983 212
983 25
984 266
984 2
985 532
985 197
986 104
986 777
987 6
987 909
988 547
988 648
989 159
989 656
990 852
990 6
991 406
991 72
992 348
992 826
993 457
993 572
994 322
994 33
995 3
995 162
996 561
996 37
997 1
997 589
998 264
998 81
999 854
999 22
1000 468
1000 152
1001 266
1001 160
1002 2
1002 157
1003 959
1003 281
1004 625
1004 66
1005 97
1005 606
1006 50
1006 162
1007 83
1007 959
1008 976
1008 228
1009 570
1009 171
1010 764
1010 529
1011 938
1011 876
1012 556
1012 655
1013 122
1013 925
1014 148
1014 763
1015 723
1015 308
1016 2
1016 132
1017 466
1017 241
1018 75
1018 261
1019 9
1019 1
1020 229
1020 79
1021 408
1021 617
1022 610
1022 580
1023 27
1023 265
1024 97
1024 432
1025 30
1025 943
1026 780
1026 595
1027 165
1027 120
1028 1
1028 778
1029 170
1029 743
1030 75
1030 156
1031 3
1031 171
1032 327
1032 232
1033 57
1033 2
1034 443
1034 133
1035 108
1035 216
1036 223
1036 294
1037 833
1037 781
1038 209
1038 16
1039 7
1039 414
1040 280
1040 9
1041 348
1041 321
1042 8
1042 122
1043 90
1043 355
1044 3
1044 50
1045 338
1045 189
1046 156
1046 9
1047 75
1047 718
1048 395
1048 31
1049 1
1049 126
1050 835
1050 710
1051 167
1051 159
1052 281
1052 197
1053 112
1053 248
1054 230
1054 659
1055 28
1055 531
1056 8
1056 31
1057 288
1057 30
1058 31
1058 17
1059 7
1059 177
1060 388
1060 958
1061 951
1061 31
1062 231
1062 0
1063 371
1063 276
1064 557
1064 171
1065 949
1065 911
1066 24
1066 215
1067 32
1067 767
1068 1060
1068 299
1069 280
1069 329
1070 280
1070 103
1071 406
1071 197
1072 502
1072 962
1073 809
1073 107
1074 758
1074 84
1075 197
1075 81
1076 987
1076 316
1077 521
1077 1
1078 120
1078 42
1079 408
1079 671
1080 207
1080 38
1081 378
1081 4
1082 944
1082 16
1083 718
1083 200
1084 204
1084 153
1085 100
1085 8
1086 7
1086 1
1087 9
1087 557
1088 126
1088 965
1089 85
1089 61
1090 892
1090 515
1091 4
1091 132
1092 974
1092 1
1093 1073
1093 665
1094 249
1094 230
1095 509
1095 1001
1096 481
1096 342
1097 691
1097 13
1098 330
1098 168
1099 307
1099 177
1100 37
1100 970
1101 658
1101 112
1102 207
1102 594
1103 117
1103 855
1104 795
1104 808
1105 256
1105 529
1106 924
1106 152
1107 1104
1107 0
1108 603
1108 87
1109 518
1109 229
1110 434
1110 101
1111 311
1111 31
1112 532
1112 392
1113 963
1113 109
1114 4
1114 1
1115 2
1115 1003
1116 136
1116 358
1117 213
1117 623
1118 58
1118 160
1119 237
1119 554
1120 300
1120 196
1121 549
1121 579
1122 7
1122 0
1123 147
1123 367
1124 1050
1124 718
1125 884
1125 40
1126 9
1126 415
1127 171
1127 21
1128 636
1128 188
1129 200
1129 210
1130 10
1130 1087
1131 8
1131 40
1132 103
1132 403
1133 902
1133 543
1134 159
1134 40
1135 649
1135 349
1136 472
1136 399
1137 319
1137 410
1138 879
1138 45
1139 753
1139 605
1140 142
1140 871
1141 854
1141 404
1142 108
1142 85
1143 120
1143 17
1144 1019
1144 509
1145 2
1145 162
1146 327
1146 436
1147 798
1147 792
1148 974
1148 1078
1149 135
1149 1
1150 601
1150 2
1151 1108
1151 12
1152 43
1152 174
1153 7
1153 341
1154 127
1154 595
1155 133
1155 972
1156 806
1156 419
1157 974
1157 93
1158 535
1158 199
1159 329
1159 56
1160 397
1160 69
1161 161
1161 154
1162 229
1162 238
1163 22
1163 72
1164 309
1164 1099
1165 86
1165 7
1166 360
1166 72
1167 777
1167 470
1168 165
1168 781
1169 7
1169 185
1170 730
1170 733
1171 2
1171 166
1172 8
1172 433
1173 27
1173 597
1174 180
1174 826
1175 531
1175 1108
1176 171
1176 63
1177 1092
1177 35
1178 477
1178 30
1179 638
1179 56
1180 438
1180 36
1181 1
1181 2
1182 139
1182 26
1183 56
1183 335
1184 845
1184 915
1185 871
1185 225
1186 42
1186 59
1187 223
1187 4
1188 249
1188 681
1189 1
1189 79
1190 8
1190 50
1191 110
1191 1
1192 159
1192 387
1193 193
1193 32
1194 341
1194 1068
1195 408
1195 1009
1196 152
1196 663
1197 3
1197 124
1198 1051
1198 30
1199 386
1199 8
1200 914
1200 108
1201 3
1201 681
1202 330
1202 441
1203 151
1203 472
1204 743
1204 162
1205 645
1205 300
1206 637
1206 483
1207 37
1207 508
1208 520
1208 1132
1209 436
1209 214
1210 1143
1210 311
1211 652
1211 502
1212 477
1212 563
1213 95
1213 678
1214 8
1214 390
1215 1059
1215 292
1216 532
1216 69
1217 128
1217 7
1218 100
1218 156
1219 340
1219 8
1220 777
1220 8
1221 201
1221 516
1222 95
1222 101
1223 306
1223 985
1224 1100
1224 302
1225 8
1225 335
1226 646
1226 430
1227 96
1227 64
1228 69
1228 581
1229 103
1229 246
1230 613
1230 674
1231 428
1231 624
1232 23
1232 2
1233 231
1233 1098
1234 30
1234 7
1235 487
1235 1073
1236 50
1236 23
1237 73
1237 748
1238 995
1238 340
1239 127
1239 126
1240 7
1240 47
1241 361
1241 3
1242 46
1242 885
1243 120
1243 301
1244 598
1244 873
1245 410
1245 4
1246 1194
1246 7
1247 231
1247 1123
1248 539
1248 7
1249 9
1249 1
1250 46
1250 868
1251 6
1251 37
1252 824
1252 1029
1253 598
1253 742
1254 3
1254 1
1255 487
1255 877
1256 405
1256 237
1257 16
1257 928
1258 377
1258 314
1259 704
1259 245
1260 529
1260 2
1261 306
1261 1
1262 579
1262 77
1263 186
1263 767
1264 1055
1264 107
1265 335
1265 177
1266 44
1266 51
1267 917
1267 949
1268 69
1268 136
1269 31
1269 214
1270 840
1270 32
1271 101
1271 229
1272 1229
1272 959
1273 846
1273 741
1274 175
1274 486
1275 35
1275 656
1276 1235
1276 1103
1277 595
1277 213
1278 303
1278 989
1279 31
1279 1264
1280 45
1280 150
1281 1188
1281 1242
1282 27
1282 983
1283 22
1283 1018
1284 1006
1284 798
1285 154
1285 20
1286 687
1286 698
1287 135
1287 8
1288 135
1288 889
1289 1194
1289 1104
1290 299
1290 496
1291 911
1291 193
1292 596
1292 304
1293 742
1293 193
1294 531
1294 69
1295 735
1295 975
1296 806
1296 467
1297 1254
1297 868
1298 136
1298 805
1299 50
1299 1136
1300 42
1300 635
1301 797
1301 991
1302 27
1302 69
1303 294
1303 966
1304 93
1304 289
1305 1054
1305 120
1306 14
1306 846
1307 493
1307 2
1308 467
1308 900
1309 859
1309 297
1310 508
1310 517
1311 646
1311 37
1312 2
1312 3
1313 1138
1313 139
1314 406
1314 82
1315 915
1315 671
1316 1154
1316 56
1317 406
1317 69
1318 600
1318 496
1319 665
1319 1259
1320 406
1320 16
1321 189
1321 930
1322 9
1322 13
1323 416
1323 56
1324 859
1324 30
1325 516
1325 1298
1326 442
1326 8
1327 42
1327 516
1328 998
1328 130
1329 620
1329 1061
1330 21
1330 441
1331 648
1331 1257
1332 1143
1332 107
1333 198
1333 69
1334 361
1334 276
1335 157
1335 170
1336 202
1336 104
1337 91
1337 122
1338 775
1338 549
1339 1
1339 8
1340 172
1340 272
1341 296
1341 1315
1342 1089
1342 208
1343 662
1343 180
1344 69
1344 290
1345 1172
1345 179
1346 331
1346 1328
1347 27
1347 105
1348 764
1348 37
1349 37
1349 555
1350 574
1350 489
1351 363
1351 692
1352 198
1352 1318
1353 595
1353 361
1354 124
1354 510
1355 208
1355 6
1356 983
1356 31
1357 253
1357 1265
1358 2
1358 509
1359 37
1359 772
1360 8
1360 206
1361 676
1361 35
1362 131
1362 1060
1363 32
1363 270
1364 40
1364 493
1365 1085
1365 1
1366 1333
1366 126
1367 541
1367 292
1368 338
1368 304
1369 1185
1369 103
1370 78
1370 683
1371 1068
1371 762
1372 100
1372 241
1373 752
1373 235
1374 56
1374 1180
1375 42
1375 249
1376 280
1376 8
1377 46
1377 27
1378 31
1378 1086
1379 237
1379 875
1380 214
1380 685
1381 326
1381 1236
1382 944
1382 1342
1383 22
1383 347
1384 390
1384 33
1385 75
1385 176
1386 972
1386 831
1387 16
1387 89
1388 1235
1388 172
1389 972
1389 29
1390 309
1390 623
1391 187
1391 153
1392 64
1392 281
1393 1355
1393 42
1394 165
1394 7
1395 371
1395 907
1396 12
1396 603
1397 926
1397 59
1398 942
1398 555
1399 373
1399 1000
1400 100
1400 358
1401 197
1401 31
1402 1319
1402 23
1403 65
1403 50
1404 1380
1404 658
1405 1173
1405 304
1406 1281
1406 513
1407 1179
1407 516
1408 440
1408 1138
1409 1188
1409 3
1410 800
1410 347
1411 8
1411 13
1412 975
1412 384
1413 270
1413 1166
1414 116
1414 454
1415 1311
1415 2
1416 69
1416 1398
1417 87
1417 223
1418 796
1418 858
1419 1
1419 18
1420 289
1420 561
1421 237
1421 177
1422 441
1422 781
1423 270
1423 926
1424 118
1424 637
1425 42
1425 967
1426 62
1426 304
1427 12
1427 7
1428 310
1428 671
1429 838
1429 1085
1430 227
1430 434
1431 1310
1431 177
1432 266
1432 468
1433 592
1433 94
1434 227
1434 793
1435 1299
1435 560
1436 1262
1436 1008
1437 1383
1437 85
1438 1205
1438 7
1439 122
1439 6
1440 1042
1440 830
1441 17
1441 31
1442 1078
1442 353
1443 889
1443 237
1444 332
1444 449
1445 3
1445 42
1446 372
1446 797
1447 1
1447 3
1448 476
1448 353
1449 1010
1449 235
1450 453
1450 30
1451 1374
1451 358
1452 434
1452 1368
1453 21
1453 11
1454 376
1454 710
1455 508
1455 172
1456 252
1456 30
1457 536
1457 266
1458 1
1458 366
1459 13
1459 923
1460 1099
1460 92
1461 321
1461 3
1462 6
1462 150
1463 95
1463 735
1464 805
1464 531
1465 80
1465 332
1466 16
1466 100
1467 1187
1467 1267
1468 51
1468 117
1469 359
1469 741
1470 546
1470 100
1471 1254
1471 608
1472 95
1472 13
1473 13
1473 31
1474 304
1474 219
1475 792
1475 7
1476 778
1476 1082
1477 1398
1477 641
1478 175
1478 23
1479 206
1479 172
1480 6
1480 284
1481 1152
1481 275
1482 406
1482 881
1483 879
1483 2
1484 20
1484 1379
1485 1451
1485 506
1486 62
1486 603
1487 9
1487 1099
1488 782
1488 203
1489 1216
1489 64
1490 7
1490 997
1491 886
1491 591
1492 1272
1492 926
1493 337
1493 8
1494 1184
1494 1476
1495 44
1495 1396
1496 1466
1496 62
1497 7
1497 185
1498 944
1498 216
1499 117
1499 112
1500 178
1500 224
1501 23
1501 948
1502 42
1502 17
1503 682
1503 830
1504 923
1504 62
1505 69
1505 297
1506 477
1506 7
1507 131
1507 3
1508 123
1508 93
1509 441
1509 703
1510 978
1510 160
1511 2
1511 1432
1512 76
1512 685
1513 56
1513 434
1514 1113
1514 139
1515 246
1515 359
1516 171
1516 17
1517 1228
1517 515
1518 12
1518 556
1519 213
1519 180
1520 67
1520 300
1521 1514
1521 392
1522 472
1522 540
1523 600
1523 30
1524 17
1524 566
1525 178
1525 898
1526 1060
1526 3
1527 1406
1527 625
1528 11
1528 23
1529 61
1529 1476
1530 22
1530 741
1531 237
1531 162
1532 392
1532 38
1533 1453
1533 303
1534 53
1534 208
1535 108
1535 202
1536 6
1536 1351
1537 3
1537 702
1538 1009
1538 149
1539 476
1539 329
1540 106
1540 592
1541 1442
1541 1425
1542 780
1542 137
1543 270
1543 40
1544 76
1544 8
1545 40
1545 1
1546 1112
1546 989
1547 229
1547 341
1548 249
1548 960
1549 100
1549 29
1550 826
1550 296
1551 639
1551 132
1552 56
1552 1454
1553 207
1553 1296
1554 7
1554 16
1555 539
1555 7
1556 1250
1556 108
1557 244
1557 1028
1558 40
1558 43
1559 1386
1559 624
1560 803
1560 265
1561 25
1561 853
1562 471
1562 359
1563 7
1563 2
1564 946
1564 1432
1565 1069
1565 247
1566 44
1566 1086
1567 915
1567 433
1568 49
1568 669
1569 1047
1569 952
1570 1202
1570 786
1571 225
1571 26
1572 38
1572 529
1573 136
1573 137
1574 8
1574 14
1575 788
1575 3
1576 75
1576 1476
1577 1
1577 99
1578 3
1578 35
1579 515
1579 58
1580 974
1580 161
1581 407
1581 941
1582 359
1582 1120
1583 190
1583 441
1584 221
1584 576
1585 336
1585 334
1586 31
1586 1
1587 1234
1587 80
1588 495
1588 457
1589 3
1589 7
1590 1136
1590 15
1591 586
1591 915
1592 598
1592 201
1593 659
1593 704
1594 390
1594 172
1595 490
1595 520
1596 159
1596 801
1597 30
1597 876
1598 901
1598 1195
1599 1089
1599 1
1600 1
1600 427
1601 21
1601 892
1602 184
1602 1573
1603 538
1603 111
1604 831
1604 1222
1605 1336
1605 8
1606 97
1606 265
1607 477
1607 31
1608 281
1608 128
1609 43
1609 467
1610 329
1610 662
1611 114
1611 22
1612 56
1612 237
1613 949
1613 1374
1614 430
1614 507
1615 1095
1615 6
1616 3
1616 516
1617 631
1617 228
1618 17
1618 1078
1619 532
1619 42
1620 295
1620 1245
1621 1229
1621 235
1622 786
1622 9
1623 766
1623 768
1624 781
1624 417
1625 541
1625 1502
1626 727
1626 37
1627 61
1627 1175
1628 409
1628 171
1629 8
1629 56
1630 925
1630 718
1631 1171
1631 1194
1632 197
1632 1023
1633 463
1633 922
1634 392
1634 1090
1635 1337
1635 625
1636 122
1636 5
1637 853
1637 952
1638 1343
1638 830
1639 156
1639 490
1640 46
1640 1594
1641 16
1641 563
1642 1541
1642 1230
1643 1477
1643 217
1644 1256
1644 117
1645 1378
1645 1526
1646 31
1646 1630
1647 676
1647 1097
1648 536
1648 1556
1649 1476
1649 1029
1650 221
1650 1519
1651 1
1651 190
1652 218
1652 197
1653 790
1653 50
1654 1469
1654 363
1655 998
1655 1246
1656 1577
1656 225
1657 508
1657 964
1658 29
1658 694
1659 430
1659 1141
1660 1185
1660 160
1661 42
1661 1184
1662 637
1662 750
1663 597
1663 1534
1664 18
1664 326
1665 865
1665 58
1666 136
1666 92
1667 1447
1667 361
1668 1149
1668 134
1669 8
1669 1217
1670 50
1670 1191
1671 1156
1671 152
1672 914
1672 641
1673 860
1673 371
1674 113
1674 10
1675 1261
1675 2
1676 8
1676 2
1677 153
1677 965
1678 1642
1678 17
1679 134
1679 449
1680 3
1680 1447
1681 31
1681 984
1682 69
1682 178
1683 112
1683 108
1684 1577
1684 410
1685 10
1685 136
1686 22
1686 408
1687 905
1687 830
1688 291
1688 520
1689 199
1689 44
1690 325
1690 514
1691 38
1691 6
1692 1357
1692 66
1693 231
1693 265
1694 1277
1694 1314
1695 1644
1695 719
1696 1644
1696 462
1697 1053
1697 13
1698 127
1698 50
1699 1409
1699 1370
1700 1
1700 2
1701 717
1701 159
1702 1434
1702 31
1703 215
1703 105
1704 53
1704 136
1705 1457
1705 1702
1706 46
1706 253
1707 56
1707 802
1708 46
1708 37
1709 2
1709 31
1710 650
1710 1207
1711 183
1711 948
1712 988
1712 20
1713 294
1713 1584
1714 472
1714 768
1715 388
1715 1590
1716 2
1716 307
1717 763
1717 670
1718 958
1718 900
1719 602
1719 1669
1720 7
1720 990
1721 343
1721 1200
1722 25
1722 443
1723 623
1723 1498
1724 87
1724 1662
1725 612
1725 7
1726 454
1726 80
1727 1379
1727 878
1728 1216
1728 8
1729 554
1729 8
1730 1645
1730 1371
1731 159
1731 4
1732 1171
1732 19
1733 1069
1733 1406
1734 26
1734 1669
1735 16
1735 1142
1736 535
1736 1626
1737 892
1737 7
1738 1347
1738 133
1739 840
1739 1185
1740 139
1740 747
1741 1258
1741 227
1742 1211
1742 18
1743 680
1743 1
1744 829
1744 147
1745 1253
1745 69
1746 136
1746 1671
1747 1657
1747 1178
1748 2
1748 381
1749 1746
1749 85
1750 1689
1750 909
1751 1298
1751 1
1752 1577
1752 22
1753 90
1753 56
1754 1304
1754 649
1755 168
1755 1699
1756 2
1756 171
1757 440
1757 1253
1758 159
1758 1449
1759 250
1759 104
1760 189
1760 1273
1761 1278
1761 152
1762 709
1762 781
1763 231
1763 75
1764 61
1764 1496
1765 1725
1765 107
1766 141
1766 972
1767 1498
1767 1507
1768 936
1768 136
1769 219
1769 235
1770 1272
1770 134
1771 1305
1771 69
1772 329
1772 61
1773 492
1773 406
1774 370
1774 473
1775 69
1775 288
1776 1
1776 0
1777 1304
1777 139
1778 300
1778 304
1779 1675
1779 408
1780 1527
1780 885
1781 22
1781 35
1782 778
1782 197
1783 136
1783 1029
1784 1739
1784 208
1785 1742
1785 408
1786 1048
1786 122
1787 1509
1787 1672
1788 1496
1788 441
1789 75
1789 1
1790 588
1790 1264
1791 1154
1791 69
1792 509
1792 1535
1793 1720
1793 681
1794 888
1794 1
1795 513
1795 996
1796 240
1796 639
1797 528
1797 1573
1798 801
1798 58
1799 78
1799 367
1800 527
1800 1609
1801 640
1801 358
1802 806
1802 68
1803 8
1803 472
1804 30
1804 1404
1805 65
1805 51
1806 31
1806 152
1807 139
1807 972
1808 138
1808 56
1809 531
1809 166
1810 721
1810 143
1811 901
1811 1208
1812 1515
1812 521
1813 9
1813 431
1814 85
1814 8
1815 27
1815 1077
1816 934
1816 148
1817 1261
1817 709
1818 121
1818 229
1819 1432
1819 831
1820 453
1820 2
1821 469
1821 2
1822 291
1822 831
1823 34
1823 2
1824 1454
1824 12
1825 177
1825 1049
1826 117
1826 31
1827 3
1827 475
1828 37
1828 651
1829 76
1829 1297
1830 551
1830 48
1831 1398
1831 1
1832 637
1832 589
1833 45
1833 445
1834 6
1834 878
1835 514
1835 1476
1836 1520
1836 354
1837 1133
1837 330
1838 228
1838 3
1839 321
1839 516
1840 443
1840 1152
1841 2
1841 231
1842 597
1842 62
1843 1128
1843 767
1844 1154
1844 1082
1845 1207
1845 1617
1846 33
1846 546
1847 1498
1847 196
1848 726
1848 533
1849 1526
1849 40
1850 594
1850 501
1851 1086
1851 2
1852 31
1852 383
1853 124
1853 146
1854 61
1854 1768
1855 21
1855 1479
1856 868
1856 63
1857 830
1857 1601
1858 1252
1858 215
1859 109
1859 1494
1860 338
1860 3
1861 31
1861 601
1862 230
1862 846
1863 1375
1863 180
1864 1006
1864 646
1865 79
1865 641
1866 264
1866 237
1867 56
1867 711
1868 934
1868 294
1869 660
1869 38
1870 40
1870 104
1871 214
1871 1573
1872 687
1872 519
1873 507
1873 1184
1874 7
1874 1654
1875 61
1875 877
1876 1242
1876 7
1877 950
1877 1836
1878 1218
1878 179
1879 108
1879 460
1880 42
1880 1017
1881 258
1881 1023
1882 1096
1882 1699
1883 1185
1883 321
1884 614
1884 11
1885 31
1885 780
1886 457
1886 671
1887 1120
1887 1835
1888 351
1888 975
1889 436
1889 1194
1890 281
1890 330
1891 152
1891 1476
1892 1598
1892 40
1893 207
1893 1851
1894 656
1894 1531
1895 515
1895 281
1896 2
1896 9
1897 0
1897 295
1898 1822
1898 550
1899 859
1899 1327
1900 84
1900 61
1901 27
1901 61
1902 780
1902 59
1903 1238
1903 184
1904 308
1904 1557
1905 93
1905 352
1906 58
1906 1742
1907 265
1907 1355
1908 1254
1908 23
1909 478
1909 3
1910 396
1910 658
1911 838
1911 81
1912 1401
1912 1183
1913 276
1913 348
1914 3
1914 1245
1915 1015
1915 806
1916 877
1916 134
1917 1911
1917 123
1918 1276
1918 974
1919 1321
1919 147
1920 119
1920 115
1921 199
1921 546
1922 1250
1922 1849
1923 650
1923 199
1924 37
1924 1400
1925 42
1925 1562
1926 174
1926 904
1927 2
1927 326
1928 3
1928 801
1929 658
1929 0
1930 806
1930 248
1931 17
1931 24
1932 32
1932 1218
1933 1781
1933 30
1934 172
1934 1229
1935 169
1935 1009
1936 89
1936 1629
1937 475
1937 417
1938 1329
1938 2
1939 1257
1939 1
1940 232
1940 905
1941 149
1941 390
1942 214
1942 1297
1943 582
1943 1512
1944 182
1944 1
1945 197
1945 561
1946 115
1946 1725
1947 2
1947 3
1948 16
1948 159
1949 575
1949 1684
1950 193
1950 154
1951 192
1951 139
1952 1
1952 8
1953 126
1953 1514
1954 1848
1954 774
1955 1890
1955 1143
1956 1030
1956 31
1957 102
1957 136
1958 408
1958 103
1959 1049
1959 1626
1960 672
1960 1893
1961 1797
1961 1537
1962 1245
1962 1531
1963 346
1963 567
1964 557
1964 551
1965 89
1965 1618
1966 48
1966 141
1967 62
1967 120
1968 1069
1968 359
1969 214
1969 151
1970 42
1970 8
1971 84
1971 208
1972 179
1972 79
1973 188
1973 148
1974 97
1974 541
1975 128
1975 27
1976 200
1976 7
1977 887
1977 741
1978 1519
1978 223
1979 1972
1979 72
1980 276
1980 22
1981 329
1981 507
1982 170
1982 903
1983 408
1983 812
1984 130
1984 317
1985 1661
1985 637
1986 520
1986 14
1987 2
1987 392
1988 197
1988 302
1989 1738
1989 1473
1990 1477
1990 959
1991 162
1991 8
1992 823
1992 830
1993 31
1993 1265
1994 100
1994 326
1995 1
1995 704
1996 3
1996 361
1997 16
1997 100
1998 59
1998 153
1999 11
1999 1794
2000 300
2000 829
