2000
10 1732
12 183
15 437
37 1759
48 661
51 1991
52 1134
57 790
61 1756
62 1644
63 973
82 691
93 287
106 785
108 1332
111 741
111 1161
115 1958
118 1408
125 649
130 419
138 1398
147 1704
157 1455
169 1825
171 708
172 1171
181 793
187 214
206 447
206 1983
222 1655
229 868
231 344
237 1658
241 355
246 803
246 1262
250 1316
265 1790
272 885
292 708
305 1984
330 883
336 1309
341 1393
342 1318
344 359
361 956
362 898
362 1653
371 1168
372 1578
390 1276
399 1305
411 438
416 629
420 617
421 1986
439 976
446 767
452 1751
460 1382
465 881
466 1899
482 1077
505 1397
506 659
511 574
511 1836
512 1192
518 1908
522 1677
528 637
537 1741
538 935
542 1057
547 1209
548 1140
548 1695
552 1803
554 1587
559 813
566 1373
581 1662
583 699
583 1385
589 1251
607 1924
615 1891
616 1719
621 1972
622 966
623 1097
625 674
632 1695
642 1784
666 1067
669 1972
681 1746
685 1423
691 1968
702 1564
703 827
707 1590
710 1391
714 902
714 1798
729 956
734 1184
739 880
739 1029
771 1821
774 1701
775 1609
782 1973
800 1793
806 1068
812 1156
813 1061
814 1323
820 1003
821 1397
857 1815
859 937
859 1691
872 1764
881 1191
885 1215
903 1211
904 1554
905 1721
910 1091
929 1686
941 1013
971 1164
974 1882
991 1210
1007 1322
1024 1354
1025 1566
1033 1619
1036 1756
1051 1835
1074 1261
1086 1372
1112 1386
1165 1234
1165 1495
1165 1761
1171 1933
1176 1322
1184 1368
1186 1197
1186 1882
1207 1507
1223 1263
1236 1479
1240 1691
1276 1582
1284 1522
1297 1334
1309 1491
1377 1645
1469 1839
1479 1813
1479 1814
1480 1788
1529 1820
1536 1674
1537 1858
1558 1618
1581 1592
1583 1841
1642 1958
1649 1812
1687 1974
1709 1976
1745 1845
1749 1835
1773 1864
1800 1900
1812 1939
1914 1940
