2000
0  1
0  2
1  2
4 1
5 1
6 1
7 5
8 2
9 3
10 2
11 9
12 9
13 9
14 1
15 2
16 7
17 11
18 9
19 16
20 1
21 15
22 5
23 1
24 1
25 14
26 5
27 19
28 22
29 10
30 5
31 5
32 5
33 23
34 12
35 16
36 23
37 9
38 5
39 5
40 8
41 12
42 23
43 35
44 33
45 9
46 20
47 5
48 1
49 33
50 9
51 22
52 26
53 5
54 25
55 37
56 9
57 48
58 15
59 9
60 11
61 56
62 21
63 49
64 5
65 57
66 14
67 8
68 1
69 1
70 40
71 25
72 1
73 10
74 28
75 9
76 9
77 28
78 7
79 26
80 57
81 53
82 25
83 5
84 23
85 59
86 2
87 37
88 19
89 48
90 5
91 50
92 2
93 1
94 49
95 78
96 1
97 89
98 70
99 53
100 1
101 3
102 0
103 32
104 99
105 53
106 66
107 95
108 2
109 0
110 67
111 0
112 1
113 9
114 75
115 67
116 1
117 4
118 63
119 35
120 0
121 117
122 65
123 1
124 75
125 59
126 37
127 16
128 40
129 49
130 72
131 77
132 59
133 82
134 89
135 1
136 76
137 118
138 66
139 93
140 1
141 8
142 88
143 11
144 101
145 83
146 94
147 130
148 107
149 123
150 79
151 9
152 66
153 39
154 26
155 1
156 9
157 6
158 78
159 157
160 9
161 56
162 25
163 3
164 9
165 69
166 27
167 10
168 64
169 96
170 16
171 3
172 23
173 100
174 66
175 1
176 22
177 72
178 120
179 25
180 10
181 56
182 9
183 8
184 8
185 175
186 114
187 59
188 167
189 48
190 1
191 43
192 180
193 87
194 19
195 5
196 44
197 11
198 33
199 8
200 53
201 72
202 128
203 18
204 2
205 73
206 7
207 134
208 114
209 1
210 28
211 87
212 2
213 56
214 9
215 23
216 75
217 88
218 1
219 23
220 100
221 9
222 9
223 10
224 3
225 154
226 35
227 11
228 96
229 5
230 72
231 159
232 50
233 131
234 209
235 4
236 87
237 51
238 16
239 5
240 23
241 0
242 52
243 72
244 10
245 40
246 26
247 48
248 89
249 10
250 56
251 10
252 16
253 200
254 5
255 2
256 26
257 18
258 23
259 9
260 8
261 187
262 2
263 138
264 50
265 180
266 88
267 25
268 167
269 127
270 210
271 224
272 95
273 187
274 1
275 134
276 230
277 144
278 84
279 66
280 240
281 9
282 259
283 153
284 181
285 180
286 2
287 200
288 1
289 48
290 175
291 49
292 240
293 118
294 25
295 15
296 23
297 23
298 177
299 154
300 14
301 100
302 2
303 15
304 1
305 10
306 9
307 1
308 63
309 9
310 56
311 119
312 10
313 55
314 131
315 305
316 250
317 268
318 58
319 114
320 2
321 0
322 1
323 2
324 26
325 201
326 49
327 9
328 176
329 305
330 319
331 196
332 119
333 280
334 240
335 127
336 1
337 19
338 5
339 32
340 157
341 240
342 0
343 87
344 148
345 120
346 56
347 19
348 66
349 313
350 40
351 156
352 95
353 19
354 8
355 241
356 100
357 0
358 286
359 123
360 257
361 1
362 8
363 313
364 5
365 9
366 174
367 169
368 9
369 327
370 43
371 19
372 139
373 130
374 220
375 287
376 313
377 66
378 123
379 118
380 16
381 229
382 87
383 37
384 50
385 97
386 235
387 48
388 190
389 127
390 254
391 100
392 268
393 123
394 19
395 0
396 168
397 1
398 125
399 127
400 244
401 167
402 230
403 135
404 214
405 98
406 5
407 0
408 137
409 187
410 182
411 241
412 12
413 234
414 115
415 1
416 9
417 52
418 66
419 59
420 195
421 13
422 414
423 165
424 5
425 35
426 56
427 111
428 25
429 263
430 1
431 19
432 9
433 198
434 52
435 35
436 150
437 348
438 140
439 169
440 224
441 128
442 230
443 9
444 230
445 232
446 119
447 139
448 177
449 82
450 49
451 5
452 64
453 14
454 19
455 233
456 193
457 10
458 139
459 9
460 66
461 430
462 306
463 312
464 444
465 8
466 66
467 461
468 9
469 83
470 156
471 362
472 184
473 9
474 85
475 243
476 139
477 66
478 444
479 131
480 26
481 28
482 40
483 99
484 216
485 2
486 39
487 181
488 12
489 88
490 128
491 87
492 5
493 19
494 5
495 462
496 1
497 428
498 19
499 97
500 249
501 37
502 100
503 48
504 27
505 26
506 165
507 233
508 73
509 434
510 256
511 14
512 348
513 37
514 496
515 26
516 118
517 1
518 5
519 469
520 427
521 254
522 9
523 198
524 104
525 12
526 100
527 108
528 9
529 66
530 193
531 429
532 309
533 66
534 36
535 88
536 1
537 119
538 73
539 15
540 164
541 131
542 16
543 5
544 270
545 512
546 49
547 489
548 200
549 115
550 63
551 97
552 46
553 345
554 327
555 536
556 5
557 337
558 5
559 46
560 357
561 79
562 9
563 241
564 16
565 391
566 448
567 200
568 52
569 312
570 16
571 321
572 75
573 525
574 387
575 566
576 0
577 480
578 556
579 460
580 48
581 9
582 380
583 268
584 266
585 388
586 9
587 19
588 144
589 64
590 83
591 309
592 9
593 469
594 56
595 175
596 2
597 489
598 18
599 40
600 553
601 8
602 239
603 138
604 30
605 101
606 76
607 319
608 531
609 454
610 25
611 35
612 87
613 97
614 144
615 184
616 401
617 1
618 16
619 463
620 269
621 12
622 2
623 49
624 25
625 383
626 23
627 360
628 500
629 256
630 8
631 123
632 245
633 154
634 236
635 319
636 430
637 259
638 99
639 176
640 5
641 6
642 88
643 40
644 117
645 23
646 9
647 166
648 131
649 72
650 0
651 87
652 76
653 535
654 277
655 253
656 198
657 5
658 120
659 4
660 366
661 235
662 139
663 187
664 1
665 230
666 563
667 99
668 26
669 260
670 260
671 604
672 425
673 229
674 260
675 289
676 352
677 283
678 130
679 256
680 241
681 56
682 290
683 37
684 56
685 166
686 27
687 51
688 23
689 12
690 651
691 477
692 629
693 680
694 341
695 25
696 11
697 2
698 157
699 161
700 87
701 289
702 448
703 9
704 48
705 604
706 5
707 548
708 467
709 184
710 5
711 671
712 98
713 179
714 300
715 313
716 430
717 204
718 5
719 27
720 7
721 337
722 56
723 656
724 276
725 5
726 5
727 63
728 367
729 289
730 256
731 28
732 657
733 398
734 9
735 525
736 158
737 40
738 29
739 4
740 609
741 656
742 50
743 157
744 74
745 224
746 1
747 512
748 49
749 49
750 7
751 499
752 242
753 140
754 190
755 170
756 1
757 113
758 9
759 424
760 52
761 50
762 193
763 731
764 760
765 12
766 714
767 230
768 366
769 756
770 340
771 756
772 49
773 444
774 5
775 5
776 19
777 131
778 476
779 171
780 220
781 739
782 522
783 525
784 727
785 240
786 119
787 563
788 50
789 440
790 757
791 536
792 65
793 505
794 28
795 261
796 187
797 739
798 129
799 56
800 28
801 235
802 153
803 233
804 2
805 12
806 200
807 480
808 26
809 536
810 280
811 0
812 56
813 19
814 599
815 444
816 651
817 9
818 5
819 398
820 345
821 260
822 345
823 99
824 144
825 257
826 651
827 612
828 63
829 87
830 702
831 108
832 826
833 340
834 2
835 152
836 174
837 95
838 48
839 4
840 659
841 97
842 195
843 756
844 655
845 570
846 769
847 460
848 23
849 309
850 48
851 79
852 237
853 10
854 79
855 181
856 388
857 235
858 277
859 847
860 543
861 367
862 181
863 388
864 698
865 821
866 118
867 245
868 204
869 831
870 50
871 123
872 552
873 100
874 59
875 183
876 88
877 250
878 100
879 5
880 429
881 287
882 525
883 240
884 9
885 83
886 161
887 10
888 65
889 442
890 8
891 383
892 10
893 318
894 252
895 82
896 750
897 83
898 565
899 382
900 348
901 439
902 280
903 44
904 268
905 138
906 281
907 2
908 131
909 69
910 298
911 184
912 703
913 48
914 766
915 651
916 717
917 290
918 5
919 738
920 444
921 139
922 627
923 341
924 5
925 573
926 686
927 125
928 230
929 330
930 431
931 659
932 9
933 5
934 167
935 783
936 620
937 94
938 263
939 659
940 897
941 566
942 26
943 10
944 9
945 868
946 12
947 841
948 128
949 428
950 1
951 9
952 100
953 506
954 444
955 1
956 367
957 365
958 14
959 90
960 97
961 5
962 224
963 9
964 53
965 237
966 94
967 727
968 399
969 129
970 687
971 316
972 95
973 138
974 482
975 137
976 195
977 341
978 25
979 156
980 135
981 410
982 670
983 547
984 368
985 174
986 907
987 688
988 137
989 456
990 604
991 544
992 530
993 153
994 311
995 9
996 796
997 761
998 418
999 7
1000 104
1001 79
1002 868
1003 500
1004 661
1005 665
1006 214
1007 584
1008 920
1009 27
1010 252
1011 907
1012 116
1013 289
1014 19
1015 322
1016 253
1017 229
1018 612
1019 153
1020 535
1021 937
1022 609
1023 695
1024 151
1025 99
1026 516
1027 345
1028 50
1029 40
1030 375
1031 370
1032 712
1033 19
1034 281
1035 341
1036 995
1037 318
1038 650
1039 5
1040 392
1041 425
1042 45
1043 104
1044 651
1045 651
1046 72
1047 484
1048 340
1049 604
1050 665
1051 941
1052 1
1053 306
1054 269
1055 66
1056 964
1057 226
1058 606
1059 210
1060 170
1061 27
1062 199
1063 565
1064 46
1065 884
1066 161
1067 32
1068 352
1069 341
1070 329
1071 89
1072 352
1073 17
1074 252
1075 59
1076 150
1077 296
1078 75
1079 995
1080 53
1081 661
1082 1004
1083 572
1084 388
1085 268
1086 52
1087 72
1088 262
1089 506
1090 474
1091 1
1092 760
1093 642
1094 843
1095 83
1096 16
1097 729
1098 411
1099 23
1100 9
1101 984
1102 19
1103 941
1104 422
1105 306
1106 925
1107 193
1108 372
1109 556
1110 789
1111 1106
1112 836
1113 88
1114 702
1115 941
1116 857
1117 1057
1118 682
1119 599
1120 62
1121 14
1122 1034
1123 74
1124 200
1125 131
1126 642
1127 120
1128 263
1129 14
1130 522
1131 777
1132 192
1133 100
1134 5
1135 273
1136 661
1137 982
1138 991
1139 94
1140 791
1141 312
1142 1100
1143 119
1144 79
1145 523
1146 17
1147 306
1148 1
1149 992
1150 651
1151 1
1152 68
1153 1054
1154 1074
1155 573
1156 527
1157 724
1158 226
1159 544
1160 1022
1161 8
1162 502
1163 849
1164 290
1165 767
1166 749
1167 767
1168 768
1169 226
1170 252
1171 170
1172 37
1173 477
1174 683
1175 1081
1176 375
1177 462
1178 269
1179 39
1180 87
1181 19
1182 48
1183 56
1184 917
1185 1
1186 634
1187 659
1188 471
1189 9
1190 341
1191 12
1192 409
1193 55
1194 683
1195 131
1196 67
1197 479
1198 1110
1199 338
1200 8
1201 115
1202 200
1203 159
1204 120
1205 1178
1206 24
1207 570
1208 51
1209 9
1210 197
1211 699
1212 368
1213 179
1214 921
1215 0
1216 63
1217 1142
1218 3
1219 56
1220 116
1221 210
1222 955
1223 5
1224 147
1225 159
1226 110
1227 26
1228 16
1229 119
1230 919
1231 23
1232 1179
1233 53
1234 264
1235 527
1236 803
1237 499
1238 83
1239 1200
1240 1
1241 21
1242 8
1243 115
1244 477
1245 23
1246 231
1247 100
1248 515
1249 714
1250 435
1251 18
1252 35
1253 5
1254 1188
1255 294
1256 900
1257 431
1258 79
1259 873
1260 83
1261 97
1262 573
1263 245
1264 1
1265 0
1266 35
1267 964
1268 49
1269 9
1270 446
1271 28
1272 1050
1273 137
1274 9
1275 527
1276 130
1277 73
1278 132
1279 527
1280 399
1281 730
1282 159
1283 23
1284 27
1285 48
1286 594
1287 33
1288 0
1289 181
1290 931
1291 233
1292 783
1293 130
1294 18
1295 73
1296 14
1297 492
1298 985
1299 952
1300 115
1301 5
1302 868
1303 1292
1304 2
1305 57
1306 867
1307 1246
1308 273
1309 159
1310 1269
1311 692
1312 1
1313 1199
1314 177
1315 21
1316 309
1317 1233
1318 9
1319 743
1320 226
1321 83
1322 2
1323 175
1324 48
1325 1247
1326 889
1327 97
1328 1032
1329 76
1330 137
1331 119
1332 87
1333 125
1334 600
1335 131
1336 661
1337 57
1338 118
1339 1
1340 106
1341 795
1342 2
1343 510
1344 276
1345 692
1346 9
1347 702
1348 200
1349 803
1350 144
1351 899
1352 656
1353 139
1354 561
1355 530
1356 1177
1357 114
1358 851
1359 111
1360 816
1361 100
1362 519
1363 868
1364 339
1365 1095
1366 929
1367 66
1368 687
1369 188
1370 606
1371 1348
1372 619
1373 411
1374 570
1375 1372
1376 276
1377 1062
1378 891
1379 739
1380 347
1381 1305
1382 493
1383 383
1384 5
1385 75
1386 537
1387 814
1388 130
1389 727
1390 3
1391 510
1392 587
1393 341
1394 19
1395 18
1396 1
1397 920
1398 439
1399 66
1400 23
1401 318
1402 74
1403 131
1404 623
1405 168
1406 66
1407 40
1408 9
1409 39
1410 1022
1411 261
1412 1335
1413 785
1414 262
1415 1377
1416 1081
1417 1
1418 1
1419 307
1420 818
1421 1
1422 289
1423 583
1424 982
1425 40
1426 629
1427 207
1428 795
1429 620
1430 398
1431 120
1432 783
1433 444
1434 422
1435 795
1436 773
1437 730
1438 444
1439 161
1440 941
1441 5
1442 394
1443 1171
1444 236
1445 1104
1446 187
1447 1
1448 342
1449 651
1450 139
1451 1052
1452 357
1453 8
1454 56
1455 402
1456 295
1457 26
1458 250
1459 341
1460 71
1461 510
1462 200
1463 449
1464 511
1465 1022
1466 582
1467 1390
1468 257
1469 741
1470 268
1471 79
1472 1
1473 137
1474 1167
1475 1429
1476 1158
1477 48
1478 37
1479 25
1480 181
1481 264
1482 197
1483 132
1484 5
1485 702
1486 66
1487 402
1488 583
1489 79
1490 428
1491 87
1492 941
1493 286
1494 565
1495 16
1496 17
1497 115
1498 1290
1499 778
1500 120
1501 25
1502 12
1503 200
1504 8
1505 729
1506 1327
1507 50
1508 173
1509 178
1510 100
1511 200
1512 2
1513 118
1514 1142
1515 169
1516 1214
1517 32
1518 1362
1519 162
1520 659
1521 1369
1522 1106
1523 35
1524 1342
1525 1141
1526 187
1527 1020
1528 1219
1529 327
1530 614
1531 1207
1532 941
1533 1219
1534 240
1535 2
1536 218
1537 1127
1538 1410
1539 40
1540 42
1541 941
1542 15
1543 212
1544 232
1545 198
1546 1250
1547 1306
1548 81
1549 681
1550 1502
1551 23
1552 867
1553 5
1554 1
1555 639
1556 458
1557 64
1558 674
1559 528
1560 1497
1561 729
1562 635
1563 410
1564 511
1565 46
1566 37
1567 1432
1568 788
1569 35
1570 1417
1571 230
1572 401
1573 268
1574 1177
1575 383
1576 1202
1577 67
1578 113
1579 120
1580 1362
1581 81
1582 513
1583 240
1584 49
1585 14
1586 79
1587 174
1588 169
1589 259
1590 866
1591 398
1592 352
1593 252
1594 988
1595 9
1596 241
1597 100
1598 535
1599 620
1600 116
1601 91
1602 1150
1603 74
1604 54
1605 1599
1606 1410
1607 5
1608 1351
1609 1123
1610 207
1611 1132
1612 9
1613 9
1614 119
1615 985
1616 305
1617 1333
1618 316
1619 264
1620 25
1621 726
1622 156
1623 1115
1624 66
1625 319
1626 1
1627 226
1628 1510
1629 166
1630 651
1631 1513
1632 168
1633 529
1634 151
1635 48
1636 5
1637 159
1638 333
1639 1027
1640 12
1641 1429
1642 803
1643 565
1644 72
1645 431
1646 104
1647 167
1648 177
1649 41
1650 100
1651 1330
1652 742
1653 1645
1654 1616
1655 70
1656 257
1657 83
1658 101
1659 687
1660 1071
1661 158
1662 836
1663 19
1664 821
1665 9
1666 418
1667 100
1668 65
1669 39
1670 447
1671 1283
1672 1599
1673 333
1674 652
1675 1
1676 25
1677 789
1678 1536
1679 4
1680 584
1681 1175
1682 198
1683 474
1684 9
1685 185
1686 765
1687 1588
1688 153
1689 321
1690 113
1691 1007
1692 533
1693 364
1694 1191
1695 1562
1696 153
1697 594
1698 97
1699 1624
1700 487
1701 1567
1702 444
1703 758
1704 1108
1705 651
1706 119
1707 766
1708 0
1709 1510
1710 1607
1711 352
1712 29
1713 1695
1714 1603
1715 803
1716 1118
1717 1610
1718 26
1719 88
1720 681
1721 512
1722 1429
1723 987
1724 5
1725 631
1726 56
1727 65
1728 525
1729 37
1730 57
1731 1573
1732 1
1733 469
1734 767
1735 9
1736 7
1737 111
1738 40
1739 712
1740 1426
1741 681
1742 925
1743 836
1744 1610
1745 1404
1746 12
1747 234
1748 97
1749 1525
1750 910
1751 1396
1752 64
1753 25
1754 1357
1755 341
1756 1208
1757 86
1758 244
1759 187
1760 1154
1761 177
1762 157
1763 1438
1764 40
1765 357
1766 16
1767 1048
1768 25
1769 629
1770 2
1771 162
1772 1150
1773 334
1774 984
1775 444
1776 324
1777 789
1778 200
1779 603
1780 179
1781 33
1782 744
1783 1360
1784 1109
1785 258
1786 294
1787 1164
1788 2
1789 1105
1790 1558
1791 505
1792 4
1793 193
1794 14
1795 272
1796 83
1797 104
1798 1395
1799 327
1800 234
1801 463
1802 1644
1803 803
1804 8
1805 1172
1806 157
1807 672
1808 1671
1809 1138
1810 40
1811 693
1812 1184
1813 1126
1814 573
1815 5
1816 634
1817 37
1818 49
1819 674
1820 262
1821 66
1822 548
1823 23
1824 14
1825 1410
1826 499
1827 1632
1828 651
1829 306
1830 19
1831 26
1832 26
1833 66
1834 484
1835 2
1836 506
1837 495
1838 388
1839 256
1840 78
1841 41
1842 1640
1843 394
1844 189
1845 309
1846 276
1847 124
1848 883
1849 256
1850 35
1851 399
1852 134
1853 184
1854 487
1855 23
1856 131
1857 44
1858 3
1859 114
1860 173
1861 1
1862 200
1863 444
1864 958
1865 1250
1866 512
1867 48
1868 878
1869 527
1870 159
1871 618
1872 19
1873 10
1874 1428
1875 1047
1876 1871
1877 469
1878 268
1879 1547
1880 1410
1881 1019
1882 159
1883 487
1884 815
1885 1203
1886 609
1887 94
1888 1366
1889 175
1890 1390
1891 868
1892 874
1893 1511
1894 27
1895 273
1896 1812
1897 830
1898 197
1899 5
1900 8
1901 1503
1902 785
1903 581
1904 127
1905 23
1906 268
1907 101
1908 88
1909 1547
1910 702
1911 128
1912 605
1913 737
1914 207
1915 2
1916 437
1917 1703
1918 352
1919 1168
1920 945
1921 1303
1922 1
1923 1415
1924 266
1925 305
1926 1602
1927 965
1928 1176
1929 100
1930 510
1931 1899
1932 110
1933 1168
1934 261
1935 1088
1936 476
1937 1168
1938 48
1939 54
1940 271
1941 1026
1942 740
1943 301
1944 1629
1945 345
1946 252
1947 927
1948 1
1949 1267
1950 606
1951 625
1952 332
1953 557
1954 1685
1955 10
1956 1941
1957 1120
1958 0
1959 1
1960 26
1961 1634
1962 40
1963 1482
1964 1160
1965 25
1966 65
1967 305
1968 650
1969 74
1970 1191
1971 689
1972 337
1973 489
1974 1368
1975 1084
1976 136
1977 513
1978 170
1979 826
1980 561
1981 120
1982 499
1983 1722
1984 1071
1985 88
1986 1
1987 1532
1988 219
1989 1021
1990 139
1991 1910
1992 1923
1993 1217
1994 624
1995 711
1996 9
1997 110
1998 627
1999 653
2000 1948
