2000
0 199
0 314
0 451
0 1083
0 1110
0 1262
0 1294
0 1319
0 1359
0 1437
0 1456
0 1647
0 1661
0 1801
1 67
1 513
1 967
1 1137
1 1146
1 1168
1 1240
1 1557
1 1582
1 1647
1 1665
1 1975
2 83
2 88
2 696
2 701
2 1056
2 1141
2 1194
2 1252
2 1508
2 1759
2 1789
2 1837
3 290
3 335
3 345
3 598
3 622
3 758
3 784
3 1197
3 1329
3 1707
4 61
4 62
4 570
4 755
4 825
4 863
4 1075
4 1239
4 1356
4 1372
4 1429
4 1436
4 1504
4 1539
4 1552
4 1736
4 1962
5 199
5 543
5 827
5 999
5 1358
5 1481
5 1485
5 1531
5 1533
5 1741
5 1865
6 153
6 177
6 234
6 921
6 1036
6 1342
6 1430
6 1435
6 1635
6 1652
6 1670
6 1706
6 1721
6 1754
6 1770
6 1772
6 1908
7 231
7 242
7 417
7 824
7 1018
7 1028
7 1072
7 1265
7 1373
7 1448
7 1561
7 1785
7 1792
8 114
8 1017
8 1088
9 180
9 203
9 327
9 485
9 516
9 666
9 681
9 949
9 1338
9 1420
9 1459
9 1496
10 309
10 500
10 1038
10 1293
10 1419
10 1443
10 1471
10 1621
10 1926
10 1980
11 513
11 665
11 795
11 1331
11 1361
11 1926
12 30
12 34
12 142
12 278
12 444
12 1268
12 1466
12 1598
12 1758
13 88
13 180
13 181
13 269
13 636
13 658
13 1143
13 1477
13 1520
14 439
14 874
14 1076
14 1120
14 1331
14 1720
15 205
15 339
15 374
15 375
15 393
15 599
15 701
15 704
15 1131
15 1206
15 1468
15 1610
15 1688
15 1733
15 1736
15 1831
15 1909
16 602
16 815
16 951
16 1036
16 1362
16 1769
16 1783
17 668
17 778
17 785
17 934
17 1030
17 1253
17 1265
17 1288
17 1402
17 1605
17 1820
17 1844
18 203
18 210
18 245
18 943
18 997
18 1403
18 1422
18 1438
18 1458
18 1594
18 1833
19 70
19 890
19 1125
19 1228
19 1381
19 1387
19 1438
19 1782
19 1795
19 1889
20 149
20 434
20 515
20 626
20 873
20 878
20 1092
20 1292
20 1309
20 1468
20 1883
20 1904
21 718
21 1218
21 1390
21 1572
21 1837
21 1846
22 74
22 134
22 535
22 1374
22 1808
23 183
23 246
23 269
23 531
23 827
23 856
23 930
23 1061
23 1288
23 1569
23 1661
23 1690
23 1867
23 1962
23 1987
24 504
24 507
24 701
24 983
24 995
24 1059
24 1254
24 1366
24 1692
25 46
25 379
25 472
25 611
25 794
25 837
25 923
25 959
25 1072
25 1074
25 1967
26 353
26 735
26 844
26 1034
26 1296
26 1521
26 1696
26 1813
27 51
27 203
27 242
27 605
27 655
27 696
27 922
27 923
27 970
27 1015
28 180
28 215
28 491
28 791
28 1728
29 259
29 668
29 783
29 1034
29 1513
29 1565
29 1566
29 1580
29 1698
29 1709
30 272
30 277
30 283
30 426
30 668
30 1943
31 208
31 1066
31 1494
31 1607
31 1681
31 1743
31 1892
32 206
32 373
32 550
32 867
32 1074
32 1078
32 1308
32 1456
32 1641
32 1727
32 1798
32 1879
33 392
33 406
33 770
33 799
33 917
33 923
33 1101
33 1261
33 1327
33 1410
33 1746
33 1793
33 1874
33 1901
34 71
34 258
34 393
34 841
34 974
34 1020
34 1144
34 1232
34 1249
34 1267
34 1505
34 1527
34 1616
34 1700
34 1713
34 1714
34 1783
34 1857
34 1963
35 287
35 354
35 373
35 437
35 978
35 1290
35 1336
35 1403
35 1512
35 1693
35 1772
35 1922
36 42
36 299
36 565
36 676
36 751
36 1500
36 1863
36 1891
37 39
37 65
37 554
37 716
37 1009
37 1046
37 1344
37 1659
37 1712
37 1768
38 354
38 691
38 727
38 871
38 1069
38 1298
38 1407
38 1603
38 1693
38 1763
38 1872
39 70
39 501
39 657
39 759
39 847
39 983
39 989
39 1417
39 1491
39 1657
39 1769
40 384
40 386
40 693
40 716
40 976
40 1127
40 1437
40 1450
40 1780
40 1903
41 73
41 141
41 224
41 337
41 695
41 754
41 864
41 1094
41 1193
41 1485
41 1540
41 1572
41 1996
42 214
42 291
42 666
42 1034
42 1049
43 539
43 666
43 850
43 873
43 890
43 947
43 1370
43 1522
43 1908
44 53
44 99
44 127
44 739
44 777
44 994
44 1167
44 1207
44 1429
44 1677
44 1926
44 1952
44 1992
45 209
45 337
45 381
45 468
45 609
45 731
45 1274
45 1289
45 1419
45 1450
46 186
46 801
46 959
46 1477
46 1837
47 161
47 636
47 1063
47 1269
47 1623
47 1713
48 388
48 432
48 798
48 1119
48 1352
48 1469
48 1484
48 1623
48 1782
48 1881
49 481
49 715
49 970
49 1069
49 1204
49 1382
49 1435
49 1505
49 1588
49 1741
50 580
50 789
50 955
50 1332
50 1360
50 1368
50 1381
50 1514
50 1549
50 1853
50 1908
51 245
51 530
51 532
51 1065
51 1081
51 1177
51 1518
51 1661
51 1982
52 140
52 404
52 423
52 502
52 800
52 895
52 1260
52 1434
52 1757
52 1963
53 449
53 1189
54 341
54 451
54 723
54 915
54 1302
55 250
55 443
55 799
55 982
55 1112
55 1148
55 1222
55 1519
56 605
56 720
56 909
56 1136
56 1144
56 1575
56 1640
56 1875
57 93
57 452
57 1110
57 1316
57 1601
57 1895
58 68
58 113
58 174
58 369
58 1011
58 1314
59 101
59 190
59 708
59 801
59 1018
59 1299
59 1327
59 1603
59 1748
59 1754
59 1889
60 188
60 488
60 788
60 1562
60 1822
61 195
61 847
61 928
61 1197
61 1413
61 1447
61 1619
61 1683
62 312
62 651
62 798
62 880
62 919
62 942
62 1928
63 328
63 415
63 939
63 1081
63 1394
63 1646
63 1682
63 1776
64 428
64 563
64 677
64 829
64 1493
64 1670
65 312
65 417
65 604
65 1690
65 1693
65 1797
65 1828
66 235
66 308
66 453
66 473
66 613
66 701
66 713
66 1151
66 1152
66 1233
66 1528
66 1705
67 248
67 1075
67 1182
67 1322
67 1336
67 1531
67 1666
68 250
68 286
68 759
68 831
68 863
68 1086
68 1495
68 1788
68 1831
68 1860
68 1911
68 1979
69 467
69 482
69 551
69 589
69 1830
69 1858
69 1956
70 113
70 182
70 451
70 756
70 1417
70 1439
70 1590
70 1717
71 149
71 575
71 729
71 964
71 1242
71 1345
71 1449
71 1494
71 1505
71 1710
71 1777
71 1832
71 1874
71 1969
72 837
72 866
72 873
72 1026
72 1491
72 1986
73 231
73 275
73 649
73 693
73 724
73 829
73 960
73 1237
73 1298
73 1498
73 1596
73 1756
74 129
74 185
74 423
74 705
74 869
74 896
74 1054
74 1244
74 1247
74 1594
74 1668
74 1740
75 268
75 524
75 1263
75 1291
75 1462
75 1603
75 1799
76 227
76 477
76 593
76 1015
76 1108
76 1191
76 1269
76 1702
76 1818
76 1823
77 140
77 290
77 677
77 789
77 976
77 1335
77 1724
77 1753
78 360
78 1081
78 1176
78 1544
78 1898
78 1921
79 234
79 324
79 450
79 588
79 601
79 921
79 949
79 1314
79 1500
79 1558
79 1719
79 1993
80 228
80 801
80 1315
80 1390
80 1689
81 231
81 417
81 877
81 977
81 1103
81 1841
81 1858
82 701
82 898
82 939
82 1129
82 1157
82 1247
82 1574
82 1935
82 1962
83 329
83 521
83 621
83 720
83 1095
83 1274
83 1322
83 1398
83 1725
83 1877
83 1995
84 97
84 298
84 471
84 893
84 1209
84 1499
84 1613
85 117
85 261
85 290
85 590
85 918
85 1317
85 1362
85 1482
86 156
86 189
86 262
86 430
86 722
86 818
86 1054
86 1063
86 1082
86 1108
86 1430
86 1472
86 1480
86 1557
87 216
87 237
87 432
87 538
87 545
87 563
87 657
87 782
87 885
87 1816
87 1826
87 1962
88 143
88 320
88 432
88 433
88 638
88 740
88 785
88 951
88 998
88 1030
88 1197
88 1910
88 1931
88 1990
89 243
89 247
89 409
89 749
89 880
89 1267
89 1994
90 109
90 209
90 454
90 863
90 1399
90 1413
90 1451
90 1706
90 1721
90 1898
90 1943
91 553
91 789
91 853
91 1148
92 357
92 585
92 592
92 619
92 752
92 1208
92 1578
93 257
93 362
93 856
93 976
93 1223
93 1486
93 1570
93 1576
93 1678
93 1814
93 1895
94 208
94 239
94 423
94 904
94 947
94 1078
94 1523
94 1575
94 1937
94 1970
95 268
95 504
95 840
95 947
95 1020
95 1086
95 1122
95 1185
95 1315
95 1433
95 1476
95 1574
95 1577
95 1606
95 1758
96 151
96 321
96 752
96 1166
96 1387
96 1526
96 1706
96 1742
96 1806
96 1914
96 1938
97 270
97 391
97 443
97 600
97 976
97 1020
97 1625
97 1725
97 1938
98 428
98 691
98 1571
98 1771
98 1781
98 1965
99 831
99 1094
99 1213
99 1265
99 1713
100 177
100 267
100 325
100 625
100 682
100 920
100 1161
100 1421
100 1533
100 1653
100 1821
100 1905
100 1989
101 298
101 757
101 1058
101 1369
101 1933
102 461
102 586
102 929
102 933
102 1339
102 1453
102 1712
102 1793
103 179
103 418
103 760
103 888
103 903
103 947
103 982
103 1002
103 1147
103 1182
103 1606
103 1629
103 1642
104 592
104 770
104 827
104 876
104 893
104 1092
104 1169
104 1362
105 125
105 238
105 324
105 393
105 400
105 576
105 662
105 757
105 905
105 1087
105 1091
105 1168
105 1615
105 1959
106 146
106 234
106 392
106 774
106 1195
106 1351
106 1586
106 1732
106 1745
106 1897
107 231
107 293
107 403
107 482
107 574
107 727
107 1051
107 1067
107 1296
107 1668
107 1670
107 1928
108 345
108 584
108 930
108 951
108 1002
108 1060
108 1072
108 1084
108 1192
108 1284
109 259
109 360
109 425
109 496
109 659
109 1016
109 1382
109 1483
109 1491
109 1976
110 260
110 267
110 312
110 976
110 1100
110 1276
110 1297
110 1850
111 186
111 197
111 230
111 564
111 629
111 1624
112 889
112 1054
112 1061
112 1123
112 1412
112 1427
112 1716
112 1730
112 1776
112 1890
113 125
113 375
113 446
113 554
113 657
113 885
113 955
113 959
113 1111
113 1389
113 1541
113 1844
114 215
114 271
114 354
114 663
114 668
114 989
114 1793
114 1821
114 1829
114 1969
115 162
115 778
115 793
115 986
115 1438
115 1588
115 1616
115 1693
115 1827
115 1924
116 361
116 498
116 559
116 1101
116 1145
116 1253
116 1312
116 1449
116 1512
116 1673
116 1757
117 193
117 664
117 718
117 808
117 1105
117 1419
117 1566
117 1777
117 1861
118 151
118 273
118 344
118 607
118 982
118 1037
118 1211
118 1234
118 1412
119 188
119 196
119 214
119 230
119 231
119 234
119 576
119 619
119 759
119 1205
119 1540
119 1607
119 1674
119 1915
120 129
120 169
120 257
120 423
120 579
120 681
120 1020
120 1137
120 1237
120 1346
120 1425
120 1436
120 1613
121 351
121 493
121 654
121 690
121 772
121 1142
121 1471
121 1486
121 1940
121 1971
122 193
122 200
122 604
122 813
122 1016
122 1086
122 1593
122 1658
123 352
123 354
123 669
123 743
123 933
124 811
124 919
124 1557
124 1937
125 206
125 498
125 871
125 1119
125 1406
125 1715
125 1918
126 148
126 211
126 421
126 683
126 690
126 1048
126 1591
126 1917
127 152
127 259
127 702
127 886
127 1241
127 1520
127 1748
127 1764
127 1813
127 1825
128 215
128 332
128 350
128 609
128 719
128 738
128 751
128 1059
128 1919
128 1948
129 248
129 401
129 524
129 784
129 1163
129 1353
129 1474
129 1916
130 548
130 601
130 650
130 779
130 790
130 1086
130 1399
130 1427
130 1494
130 1621
131 270
131 321
131 639
131 723
131 1308
131 1456
131 1750
131 1853
132 157
132 408
132 472
132 474
132 503
132 601
132 832
132 914
132 1242
132 1331
132 1605
132 1789
132 1997
133 336
133 482
133 778
133 840
133 861
133 969
133 1107
133 1289
133 1303
133 1478
133 1632
133 1754
133 1953
133 1991
134 196
134 282
134 291
134 689
134 1033
134 1585
134 1626
134 1796
135 175
135 249
135 566
135 612
135 789
135 871
135 963
135 991
135 1119
135 1393
135 1711
135 1754
135 1842
135 1981
136 348
136 702
136 909
136 984
136 1084
136 1128
136 1159
136 1217
136 1218
136 1377
136 1604
136 1895
137 632
137 1243
137 1622
137 1719
137 1750
137 1807
137 1887
137 1924
138 254
138 451
138 499
138 506
138 524
138 1024
138 1196
138 1253
138 1383
139 521
139 601
139 618
139 650
139 814
139 1238
139 1319
139 1499
139 1767
139 1984
140 333
140 416
140 736
140 1207
140 1302
140 1513
140 1924
141 290
141 382
141 612
141 964
141 965
141 1027
141 1094
141 1146
141 1171
141 1236
141 1483
141 1617
141 1664
141 1687
141 1813
141 1859
142 151
142 244
142 562
142 996
142 1192
142 1237
142 1408
142 1540
142 1546
142 1976
143 145
143 317
143 849
143 1102
143 1133
143 1195
143 1254
143 1521
143 1572
143 1626
143 1670
144 290
144 329
144 346
144 444
144 1097
144 1171
144 1530
144 1728
144 1811
144 1871
145 538
145 818
145 929
145 1068
145 1174
145 1470
145 1487
145 1518
145 1537
145 1833
145 1836
145 1846
146 250
146 622
146 661
146 794
146 823
146 897
146 1007
146 1205
146 1328
146 1521
146 1759
146 1819
146 1873
146 1898
146 1918
146 1977
147 422
147 668
147 702
147 893
147 941
147 1167
147 1189
147 1266
147 1554
147 1714
147 1879
147 1971
148 167
148 392
148 481
148 625
148 781
148 955
148 1216
148 1435
148 1532
148 1878
149 187
149 255
149 308
149 650
149 810
149 1070
149 1137
149 1649
149 1746
149 1834
150 240
150 270
150 306
150 1007
150 1106
150 1803
151 197
151 1048
151 1507
151 1973
151 1998
152 420
152 483
152 541
152 686
152 766
152 905
152 1063
152 1212
152 1515
152 1624
152 1779
152 1812
152 1913
152 1919
153 269
153 351
153 610
153 771
153 843
153 877
153 1021
153 1298
153 1368
153 1803
154 212
154 648
154 842
154 861
154 958
154 1312
154 1326
154 1391
154 1449
154 1730
155 527
155 559
155 1111
155 1449
155 1470
155 1799
155 1803
156 704
156 782
156 907
156 1480
156 1746
157 419
157 475
157 545
157 564
157 980
157 1009
157 1193
157 1238
157 1289
157 1378
157 1503
157 1702
157 1941
158 179
158 443
158 516
158 600
158 843
158 893
158 902
158 1088
158 1513
158 1516
158 1641
158 1671
158 1808
159 257
159 556
159 592
159 728
159 852
159 854
159 1516
159 1587
159 1642
159 1710
160 302
160 412
160 499
160 539
160 654
160 705
160 724
160 755
160 810
160 1256
160 1387
160 1779
160 1908
161 173
161 582
161 831
161 977
161 1166
161 1345
161 1400
161 1499
161 1616
161 1624
161 1785
162 425
162 580
162 1037
162 1072
162 1246
162 1664
162 1724
163 980
163 1632
163 1700
163 1710
163 1943
163 1978
163 1990
164 241
164 452
164 486
164 539
164 885
164 1092
164 1243
164 1347
164 1496
164 1547
164 1811
164 1882
165 262
165 469
165 529
165 636
165 815
165 1732
165 1894
165 1898
166 209
166 558
166 847
166 885
166 1129
166 1296
166 1352
166 1482
166 1651
166 1771
166 1877
167 368
167 382
167 411
167 466
167 508
167 1380
167 1979
168 620
168 682
168 783
168 853
168 1036
168 1063
168 1320
168 1422
168 1726
168 1831
168 1869
169 301
169 424
169 994
169 1035
169 1117
169 1148
169 1420
169 1451
169 1464
169 1608
169 1878
170 183
170 320
170 585
170 736
170 1025
170 1212
170 1281
170 1356
170 1424
170 1619
170 1719
170 1753
171 202
171 832
171 868
171 898
171 1013
171 1200
171 1305
171 1373
171 1518
171 1560
171 1693
172 411
172 493
172 527
172 534
172 552
172 644
172 1028
172 1626
172 1688
172 1689
172 1969
173 229
173 505
173 768
173 1183
173 1436
173 1560
173 1562
173 1811
174 513
174 671
174 676
174 735
174 783
174 856
174 859
174 922
174 1326
174 1602
174 1723
174 1865
175 219
175 605
175 876
175 949
175 979
175 1096
175 1203
175 1341
175 1373
175 1538
175 1600
176 402
176 566
176 774
176 1148
176 1347
177 1133
177 1156
177 1334
177 1565
177 1645
177 1852
177 1971
178 316
178 432
178 673
178 711
178 1078
179 649
179 842
179 1145
179 1505
179 1643
179 1862
179 1967
180 258
180 360
180 373
180 460
180 834
180 936
180 1307
180 1473
180 1676
181 271
181 743
181 889
181 1190
181 1208
181 1346
181 1636
181 1724
182 308
182 321
182 347
182 395
182 447
182 467
182 580
182 828
182 838
182 1288
182 1364
182 1569
182 1730
182 1763
182 1811
183 517
183 652
183 706
183 1335
183 1341
183 1470
183 1494
183 1528
183 1765
183 1894
183 1959
184 239
184 312
184 735
184 823
184 1019
184 1062
184 1383
184 1724
185 1106
185 1192
185 1316
185 1571
185 1798
185 1873
185 1921
185 1982
186 429
186 516
186 1077
186 1393
186 1922
187 661
187 762
187 923
187 1240
187 1266
187 1486
187 1646
187 1709
187 1710
188 270
188 318
188 588
188 715
188 1109
188 1218
188 1270
188 1384
188 1522
188 1680
189 229
189 296
189 887
189 1145
189 1162
189 1773
190 239
190 339
190 527
190 710
190 1037
190 1073
190 1182
190 1395
190 1523
191 287
191 674
191 794
191 831
191 921
191 937
191 1027
191 1069
191 1711
191 1742
192 241
192 735
192 863
192 962
192 1062
192 1158
192 1175
192 1388
192 1542
192 1570
192 1584
192 1868
193 294
193 380
193 455
193 823
193 867
193 897
193 1011
193 1190
193 1455
193 1509
193 1614
194 232
194 291
194 313
194 561
194 1209
194 1283
194 1325
194 1697
194 1904
195 209
195 367
195 387
195 794
195 804
195 927
195 1672
195 1780
195 1930
195 1958
196 321
196 537
196 571
196 737
196 757
196 762
196 836
196 1237
196 1421
196 1492
196 1545
196 1608
196 1652
197 262
197 483
197 861
197 889
197 986
197 1028
197 1052
197 1437
197 1992
198 269
198 324
198 850
198 1042
198 1528
198 1939
199 214
199 822
199 1009
199 1065
199 1092
199 1661
200 359
200 705
200 749
200 890
200 1407
200 1444
200 1619
200 1812
200 1972
201 622
201 816
201 819
201 1270
201 1279
201 1435
201 1815
202 248
202 319
202 358
202 475
202 716
202 935
202 1462
202 1565
202 1608
202 1791
203 819
203 882
203 918
203 1037
203 1403
203 1511
203 1571
204 350
204 476
204 832
204 1031
204 1038
204 1060
204 1117
204 1302
204 1312
204 1359
204 1599
204 1927
204 1933
205 274
205 320
205 577
205 710
205 858
205 861
205 940
205 949
205 960
205 977
205 1116
205 1284
205 1665
206 399
206 447
206 773
206 1020
206 1281
206 1324
206 1536
206 1567
206 1861
207 261
207 670
207 775
207 1105
207 1153
207 1165
207 1376
207 1605
207 1735
207 1841
208 289
208 506
208 572
208 799
208 1142
208 1229
208 1458
208 1475
208 1698
208 1760
209 229
209 269
209 313
209 355
209 451
209 526
209 555
209 1066
209 1269
209 1271
209 1290
209 1513
209 1523
209 1634
209 1774
209 1819
210 350
210 818
210 1354
210 1441
210 1827
210 1836
210 1999
211 218
211 564
211 865
211 980
211 996
211 1128
211 1431
211 1564
211 1905
212 452
212 595
212 661
212 998
212 1060
212 1531
212 1701
212 1933
213 387
213 693
213 1207
213 1391
213 1546
213 1569
213 1626
213 1763
213 1912
214 220
214 355
214 391
214 394
214 462
214 580
214 837
214 959
214 1064
214 1067
214 1245
214 1341
214 1678
214 1741
214 1860
214 1902
215 331
215 880
215 889
215 899
215 987
215 1000
215 1551
215 1737
215 1755
216 245
216 337
216 664
216 852
216 923
216 1517
217 225
217 573
217 655
217 717
217 880
217 1260
217 1314
217 1705
217 1813
218 456
218 466
218 587
218 1381
218 1391
218 1471
218 1808
218 1887
219 453
219 1049
219 1071
219 1219
219 1256
219 1491
219 1611
219 1844
219 1870
220 258
220 586
220 710
220 714
220 1063
220 1077
220 1162
220 1438
220 1587
220 1601
220 1681
220 1736
220 1912
221 351
221 420
221 558
221 655
221 864
221 968
221 1372
221 1503
221 1981
222 230
222 237
222 556
222 749
222 1318
222 1473
222 1745
222 1886
222 1915
222 1918
223 1044
223 1060
223 1069
223 1265
223 1385
224 262
224 502
224 1132
224 1175
224 1688
224 1828
224 1983
225 344
225 375
225 462
225 650
225 715
225 1032
225 1549
225 1582
225 1687
225 1776
226 567
226 969
226 1115
226 1150
226 1282
226 1435
227 443
227 713
227 1096
227 1354
227 1359
227 1449
227 1544
228 275
228 450
228 832
228 956
228 960
228 965
228 1542
228 1748
229 281
229 485
229 698
229 1109
229 1475
229 1804
229 1812
229 1994
230 613
230 701
231 528
231 573
231 971
231 1293
231 1527
231 1656
231 1877
232 532
232 590
232 738
232 914
232 941
232 1162
232 1200
232 1251
232 1256
232 1576
232 1588
232 1833
233 377
233 883
233 911
233 1087
233 1262
233 1278
233 1493
233 1644
234 245
234 839
234 1076
234 1225
234 1499
234 1554
235 456
235 704
235 891
235 933
235 1004
235 1104
235 1236
235 1238
235 1445
235 1615
235 1742
235 1841
235 1905
236 471
236 689
236 793
236 846
236 1365
236 1434
236 1542
236 1658
236 1682
236 1763
236 1908
236 1942
237 272
237 527
237 546
237 1699
237 1937
238 321
238 432
238 460
238 667
238 772
238 877
238 940
238 1150
238 1426
238 1660
238 1673
238 1940
238 1948
239 315
239 427
239 677
239 738
239 796
239 946
239 1350
239 1448
239 1628
239 1685
239 1782
239 1818
239 1894
239 1985
240 423
240 487
240 571
240 833
240 862
240 1304
240 1625
240 1663
241 386
241 513
241 1048
241 1105
241 1594
242 468
242 784
242 789
242 1069
242 1090
242 1342
242 1496
242 1847
243 913
243 1169
243 1514
243 1530
243 1782
243 1814
244 258
244 462
244 506
244 584
244 667
244 711
244 811
244 1295
244 1408
244 1868
245 272
245 557
245 1632
245 1891
245 1964
245 1965
246 618
246 948
246 1252
246 1354
246 1355
246 1418
246 1694
246 1733
246 1744
246 1778
247 338
247 468
247 1446
247 1668
247 1762
248 328
248 729
248 918
248 1419
248 1620
249 474
249 593
249 710
249 757
249 1197
249 1367
249 1831
249 1923
250 260
250 406
250 449
250 525
250 857
250 1719
251 322
251 616
251 659
251 976
251 1183
251 1303
251 1693
251 1713
251 1779
252 613
252 916
252 1218
252 1918
253 308
253 607
253 657
253 944
253 1960
253 1993
254 397
254 552
254 743
254 1406
254 1695
254 1724
254 1811
254 1947
255 289
255 857
255 1386
255 1485
255 1568
256 382
256 447
256 594
256 1740
256 1981
257 643
257 796
257 837
257 841
257 1304
257 1582
257 1939
257 1993
258 264
258 464
258 563
258 592
258 706
258 732
258 1019
258 1086
258 1274
258 1316
258 1640
258 1975
259 436
259 530
259 607
259 664
259 722
259 744
259 875
259 1235
259 1392
259 1539
259 1589
260 465
260 485
260 558
260 612
260 1118
260 1191
260 1568
260 1736
261 388
261 598
261 876
261 1009
261 1301
261 1479
261 1521
261 1778
261 1780
261 1920
261 1975
262 471
262 727
262 1564
263 376
263 662
263 668
263 1069
263 1132
263 1296
263 1394
263 1465
263 1486
263 1750
263 1839
263 1995
264 800
264 879
264 1184
264 1443
264 1600
264 1717
264 1947
264 1970
265 573
265 589
265 642
265 719
265 1532
265 1743
266 295
266 453
266 461
266 612
266 1408
266 1476
266 1554
266 1585
266 1825
266 1926
267 477
267 485
267 566
267 648
267 677
267 945
267 951
267 1065
267 1323
267 1424
267 1467
267 1773
268 591
268 705
268 708
268 771
268 1073
268 1177
268 1440
268 1500
268 1655
268 1725
268 1789
268 1794
268 1817
269 362
269 418
269 437
269 553
269 743
269 907
269 936
269 1134
269 1246
269 1351
269 1371
269 1543
269 1563
269 1734
269 1782
270 440
270 547
270 697
270 850
270 1021
270 1277
270 1567
270 1884
271 280
271 429
271 496
271 541
271 673
271 780
271 858
271 987
271 999
271 1070
271 1140
271 1510
271 1713
272 454
272 679
272 990
272 1183
272 1228
272 1418
272 1526
272 1704
272 1750
272 1921
273 469
273 509
273 677
273 767
273 769
273 1288
273 1369
273 1498
273 1527
274 541
274 591
274 840
274 1109
274 1594
274 1670
274 1757
274 1833
275 350
275 756
275 759
275 799
275 862
275 888
275 931
275 1041
275 1220
275 1469
275 1594
275 1608
275 1916
276 347
276 635
276 662
276 938
276 1222
276 1342
276 1662
277 647
277 932
277 1049
277 1212
277 1213
277 1312
277 1403
277 1687
277 1827
278 408
278 629
278 686
278 912
278 1027
278 1087
278 1255
278 1352
278 1521
278 1568
278 1580
278 1608
278 1824
278 1958
279 285
279 394
279 401
279 730
279 853
279 1120
279 1877
280 938
280 1221
280 1992
281 363
281 383
281 416
281 880
281 1074
281 1466
281 1559
281 1572
281 1655
281 1769
281 1778
281 1830
282 902
282 908
282 944
282 1286
282 1310
282 1462
282 1491
282 1891
282 1905
283 494
283 919
283 1210
283 1650
283 1904
283 1999
284 285
284 395
284 850
284 1310
284 1390
284 1617
284 1729
284 1746
284 1761
284 1818
284 1871
284 1966
285 289
285 370
285 399
285 547
285 784
285 807
285 999
285 1017
285 1123
285 1226
285 1668
285 1884
286 386
286 423
286 431
286 513
286 660
286 667
286 678
286 833
286 920
286 925
286 966
286 1174
286 1520
286 1645
287 431
287 468
287 477
287 496
287 656
287 1074
287 1295
287 1397
287 1544
287 1575
287 1950
288 412
288 482
288 508
288 563
288 747
288 953
288 1011
288 1314
288 1441
288 1635
288 1701
288 1881
288 1918
288 1951
289 563
289 583
289 603
289 875
289 985
289 1068
289 1081
289 1384
289 1855
289 1897
290 573
290 923
290 1080
290 1094
290 1365
290 1628
290 1681
290 1693
290 1843
291 336
291 374
291 626
291 641
291 1196
291 1207
291 1452
291 1554
291 1578
291 1627
291 1712
291 1742
291 1899
292 544
292 779
292 882
292 1123
292 1513
292 1599
292 1720
292 1773
292 1840
293 475
293 579
293 602
293 779
293 895
293 994
293 1064
293 1088
293 1593
293 1762
293 1781
293 1795
293 1944
294 509
294 595
294 762
294 1462
294 1501
294 1508
294 1885
294 1930
295 599
295 769
295 1139
295 1141
295 1164
295 1701
295 1802
295 1929
295 1968
296 297
296 348
296 427
296 659
296 710
296 732
296 906
296 1172
296 1282
296 1351
296 1692
296 1958
297 554
297 569
297 595
297 686
297 736
297 767
297 870
297 1228
297 1278
297 1769
298 322
298 397
298 598
298 777
298 898
298 1292
298 1746
298 1766
298 1822
298 1923
299 897
299 1196
299 1764
300 429
300 437
300 454
300 545
300 609
300 648
300 821
300 953
300 1060
300 1138
300 1167
300 1193
300 1213
300 1257
300 1723
300 1763
301 490
301 541
301 892
301 1066
301 1195
301 1433
301 1710
302 353
302 536
302 882
302 1109
302 1271
302 1471
302 1541
302 1729
302 1766
303 338
303 363
303 435
303 654
303 864
303 1091
303 1129
303 1153
303 1441
303 1836
303 1852
303 1881
304 436
304 469
304 512
304 541
304 842
304 906
304 941
304 949
304 1012
304 1089
304 1187
304 1446
304 1598
304 1688
304 1988
305 487
305 606
305 1979
306 359
306 625
306 707
306 1213
306 1216
306 1227
306 1622
306 1820
307 555
307 601
307 665
307 722
307 732
307 809
307 841
307 1035
307 1227
307 1425
307 1579
307 1753
307 1886
307 1971
308 359
308 500
308 677
308 904
308 1101
308 1135
308 1209
308 1225
308 1321
308 1534
308 1686
308 1810
308 1904
308 1936
309 346
309 697
309 784
309 1277
309 1456
309 1653
310 855
310 904
310 1102
310 1302
310 1406
310 1718
310 1886
311 513
311 677
311 807
311 849
311 903
311 1390
311 1472
311 1610
311 1846
311 1904
312 470
312 901
312 1056
312 1148
312 1881
312 1921
313 469
313 732
313 735
313 802
313 1039
313 1508
313 1547
314 654
314 840
314 862
314 1119
314 1635
314 1874
315 662
315 990
315 1141
315 1225
315 1660
316 458
316 704
316 819
316 885
316 1198
316 1247
316 1342
316 1460
316 1922
317 487
317 576
317 638
317 1065
317 1313
317 1403
317 1600
317 1639
317 1647
317 1843
317 1862
318 383
318 700
318 778
318 885
318 1002
318 1130
318 1475
318 1604
318 1666
319 676
319 680
319 724
319 886
319 1358
319 1677
319 1967
320 364
320 447
320 643
320 693
320 711
320 969
320 1039
320 1166
321 532
321 662
321 749
321 810
321 1113
321 1171
321 1246
321 1344
321 1437
321 1818
322 386
322 409
322 422
322 685
322 844
322 1180
322 1523
322 1566
322 1639
322 1707
323 423
323 521
323 981
323 1092
323 1221
323 1446
323 1653
323 1704
323 1757
323 1802
324 774
324 1015
324 1300
324 1438
324 1477
324 1713
324 1932
324 1978
325 347
325 465
325 825
325 855
325 1085
325 1163
325 1323
325 1395
325 1582
325 1712
325 1794
326 437
326 450
326 684
326 712
326 1964
326 1980
327 334
327 409
327 1203
327 1517
327 1703
327 1787
327 1808
328 395
328 661
328 1319
328 1793
328 1898
328 1939
329 437
329 492
329 912
329 1302
329 1358
329 1383
329 1404
329 1517
330 490
330 524
330 673
330 846
330 1173
330 1672
331 834
331 1107
331 1169
331 1209
331 1462
331 1733
331 1792
332 479
332 556
332 700
332 855
332 1410
332 1449
332 1513
332 1539
332 1787
332 1920
332 1977
333 366
333 1433
333 1748
333 1801
333 1902
334 361
334 412
334 593
334 808
334 907
334 954
334 1071
334 1128
334 1137
334 1306
334 1406
334 1420
334 1632
334 1900
335 577
335 921
335 1023
335 1061
335 1175
335 1275
335 1287
335 1299
335 1435
335 1791
335 1948
336 447
336 462
336 1077
336 1402
336 1446
336 1522
336 1541
337 443
337 674
337 676
337 955
337 1337
337 1518
337 1542
337 1627
337 1699
337 1824
337 1922
337 1973
338 387
338 420
338 443
338 446
338 462
338 704
338 815
338 834
338 937
338 1005
338 1577
338 1886
339 648
339 888
339 906
339 1039
339 1164
339 1763
340 471
340 578
340 607
340 789
340 901
340 1126
340 1521
341 354
341 556
341 582
341 750
341 1196
341 1247
341 1555
341 1722
342 743
342 829
342 853
342 944
342 967
342 976
342 1132
342 1350
342 1492
342 1572
342 1881
342 1915
343 514
343 760
343 971
343 1083
343 1276
343 1363
343 1375
343 1438
343 1522
343 1906
343 1959
344 416
344 478
344 640
344 652
344 752
344 828
344 996
344 1051
344 1633
345 995
345 1042
345 1260
346 355
346 542
346 717
346 819
346 849
346 868
346 1077
346 1170
346 1306
346 1324
346 1464
346 1597
346 1715
346 1841
346 1970
347 628
347 995
347 1007
347 1229
347 1319
347 1326
347 1679
347 1755
347 1966
348 494
348 642
348 777
348 803
348 934
348 1059
348 1145
348 1792
348 1895
349 708
349 805
349 913
349 1108
349 1178
349 1737
349 1875
350 373
350 1223
350 1309
350 1873
350 1882
351 681
351 759
351 915
351 964
351 1038
351 1375
351 1391
351 1636
351 1908
352 649
352 1070
352 1195
352 1279
352 1418
352 1631
352 1919
353 530
353 851
353 859
353 1380
353 1980
354 619
354 627
354 983
354 1176
354 1307
354 1741
354 1796
355 367
355 407
355 414
355 1045
355 1077
355 1359
355 1616
355 1772
355 1841
355 1968
356 387
356 481
356 583
356 606
356 1415
356 1691
356 1712
356 1725
356 1814
357 370
357 898
357 1094
357 1214
357 1533
357 1830
358 665
358 833
358 1205
358 1301
358 1624
358 1648
358 1653
358 1808
358 1813
359 565
359 804
359 1157
359 1414
359 1873
360 378
360 434
360 709
360 846
360 1542
360 1635
360 1774
360 1946
361 489
361 588
361 619
361 761
361 849
361 1580
361 1795
361 1864
362 421
362 528
362 713
362 794
362 925
362 1253
362 1831
363 501
363 670
363 867
363 991
363 1028
363 1059
363 1327
363 1365
363 1439
363 1987
364 709
364 776
364 1726
364 1943
365 489
365 769
365 1014
365 1088
365 1493
365 1690
366 450
366 714
366 1182
366 1633
366 1958
367 436
367 740
367 1238
367 1240
367 1276
367 1412
367 1685
367 1917
367 1942
368 538
368 667
368 721
368 1021
368 1205
368 1301
368 1429
369 606
369 741
369 805
369 984
369 1001
369 1112
369 1137
369 1246
369 1346
369 1574
369 1798
369 1958
370 469
370 539
370 585
370 808
370 817
370 882
370 1391
370 1609
370 1875
371 454
371 592
371 627
371 808
371 1097
371 1122
371 1342
371 1409
371 1438
371 1653
372 559
372 613
372 1031
372 1196
372 1242
372 1616
372 1950
373 1063
373 1452
373 1896
374 652
374 729
374 759
374 858
374 1039
374 1223
374 1290
374 1476
374 1538
374 1673
374 1851
374 1859
374 1991
375 490
375 714
375 952
375 1227
375 1375
375 1399
375 1502
375 1627
375 1874
375 1987
376 615
376 943
376 1101
376 1393
376 1453
376 1508
376 1594
376 1701
376 1721
376 1954
377 519
377 706
377 945
377 1003
377 1038
377 1133
377 1164
377 1321
377 1369
377 1426
377 1555
377 1627
378 792
378 904
378 1258
378 1422
378 1549
378 1958
379 660
379 809
379 877
379 1121
379 1216
379 1388
379 1594
380 566
380 633
380 672
380 724
380 945
380 957
380 1211
380 1316
380 1450
380 1730
380 1994
381 691
381 739
381 829
381 914
381 1088
381 1314
381 1487
381 1775
381 1947
382 563
382 730
382 873
382 1323
382 1462
382 1787
383 452
383 749
383 1202
383 1647
383 1980
384 636
384 786
384 892
384 1294
384 1526
384 1776
385 584
385 715
385 784
385 1329
385 1389
385 1453
385 1583
385 1686
385 1891
385 1935
386 396
386 504
386 595
386 642
386 1031
386 1184
386 1296
386 1335
386 1488
386 1518
386 1846
386 1925
387 399
387 457
387 908
387 1123
387 1422
387 1486
387 1503
387 1595
387 1683
387 1947
388 464
388 721
388 754
388 787
388 1149
388 1229
388 1819
389 583
389 769
389 1099
389 1184
389 1403
389 1405
389 1430
389 1599
389 1907
390 447
390 538
390 610
390 613
390 632
390 744
390 940
390 1205
390 1294
390 1421
390 1669
390 1724
391 406
391 646
391 756
391 1246
391 1695
391 1763
391 1867
392 452
392 834
392 960
392 1141
392 1323
392 1352
392 1400
392 1402
392 1560
392 1853
392 1982
393 582
393 754
393 784
393 924
393 1019
393 1046
393 1474
393 1752
394 431
394 906
394 1081
394 1232
394 1310
394 1473
395 626
395 970
395 1380
395 1556
395 1573
395 1969
396 481
396 581
396 682
396 771
396 837
396 1313
396 1370
396 1725
397 425
397 774
397 803
397 870
397 946
397 947
397 1627
397 1928
398 438
398 547
398 886
398 1228
398 1277
398 1468
398 1830
398 1931
399 501
399 610
399 633
399 668
399 964
399 1460
399 1847
399 1875
399 1987
400 625
400 741
400 1138
400 1222
400 1539
400 1752
401 416
401 428
401 513
401 1114
401 1163
401 1177
401 1347
401 1742
401 1820
402 426
402 689
402 1157
402 1239
402 1634
402 1927
403 722
403 756
403 816
403 819
403 881
403 1142
403 1186
403 1223
403 1480
403 1854
404 407
404 497
404 514
404 527
404 670
404 823
404 879
404 1037
404 1122
404 1148
404 1153
404 1496
404 1982
405 440
405 545
405 911
405 1429
405 1444
405 1686
405 1885
406 484
406 612
406 853
406 886
406 1610
406 1758
406 1928
407 409
407 511
407 1376
407 1946
408 498
408 652
408 659
408 845
408 848
408 887
408 1119
408 1424
408 1462
408 1513
408 1974
409 436
409 510
409 934
409 1014
409 1056
410 472
410 748
410 842
410 997
410 1002
410 1010
410 1262
410 1689
410 1763
411 981
411 1952
412 477
412 761
412 1023
412 1113
412 1208
412 1364
412 1373
412 1436
412 1474
412 1489
412 1586
413 978
413 1220
413 1644
413 1796
413 1954
414 531
414 980
414 1025
414 1147
414 1181
414 1320
414 1324
414 1557
414 1846
415 800
415 975
415 1087
415 1149
415 1467
415 1499
415 1506
415 1526
415 1674
415 1702
415 1725
415 1759
416 643
416 1135
416 1277
416 1510
416 1642
416 1817
416 1941
417 576
417 904
417 1030
417 1077
417 1285
417 1995
418 972
418 1024
418 1028
418 1297
418 1415
418 1464
418 1645
418 1731
418 1806
419 691
419 1100
419 1178
419 1242
419 1326
419 1483
419 1567
419 1854
419 1927
420 919
420 1133
420 1276
420 1465
420 1506
420 1535
421 565
421 575
421 855
421 896
421 927
421 1142
421 1205
421 1521
421 1580
421 1857
421 1873
422 787
422 1193
422 1204
422 1273
422 1696
422 1841
423 473
423 655
423 1072
423 1545
424 471
424 519
424 628
424 688
424 694
424 714
424 1118
424 1194
424 1529
425 634
425 724
425 1265
425 1280
425 1321
425 1570
425 1661
426 775
426 1221
426 1280
426 1714
426 1735
427 736
427 965
427 992
427 1040
427 1153
427 1649
427 1668
427 1693
427 1904
427 1956
428 505
428 1133
428 1533
428 1538
428 1688
428 1790
429 612
429 778
429 814
429 1137
429 1262
430 708
430 834
430 981
430 1013
430 1034
430 1137
430 1387
430 1550
430 1553
430 1632
430 1666
431 652
431 760
431 823
431 1124
431 1233
431 1378
431 1559
431 1574
431 1630
431 1889
432 740
432 1020
432 1281
432 1335
432 1413
432 1819
432 1981
433 443
433 982
433 1973
434 902
434 1725
434 1995
435 513
435 668
435 714
435 717
435 1102
435 1249
435 1490
435 1505
435 1575
435 1708
435 1831
435 1975
436 638
436 1214
436 1320
436 1577
436 1678
436 1886
436 1924
437 594
437 780
437 1135
437 1653
437 1800
437 1810
437 1864
438 499
438 737
438 742
438 750
438 877
438 893
438 1716
439 446
439 1183
439 1273
439 1427
439 1434
439 1678
439 1719
439 1796
439 1833
439 1851
440 1305
440 1465
440 1630
440 1713
440 1857
440 1902
441 507
441 540
441 656
441 695
441 1375
441 1832
441 1894
442 936
442 1126
442 1283
442 1337
442 1359
442 1627
443 467
443 470
443 841
443 848
443 873
443 879
443 1002
443 1211
443 1573
443 1719
443 1986
444 636
444 814
444 1278
444 1505
444 1925
444 1944
445 672
445 714
445 902
445 907
445 1027
445 1171
445 1487
445 1609
445 1845
445 1943
446 598
446 747
446 793
446 1047
446 1129
446 1642
446 1763
447 894
447 988
447 1117
447 1131
447 1492
447 1547
447 1627
447 1933
448 668
448 782
448 962
448 1025
448 1800
448 1877
449 689
449 1250
449 1262
449 1358
449 1455
449 1569
449 1631
450 486
450 720
450 1321
450 1625
450 1708
450 1891
451 528
451 883
451 930
451 1439
451 1887
452 546
452 576
452 600
452 796
452 839
452 961
452 1160
452 1203
452 1419
452 1704
452 1712
452 1864
453 683
453 743
453 1265
453 1691
453 1718
453 1787
454 495
454 679
454 873
454 1002
454 1004
454 1036
454 1197
454 1807
455 672
455 826
455 992
455 1006
455 1062
455 1349
455 1378
455 1583
455 1692
455 1796
456 460
456 512
456 700
456 828
456 1024
456 1350
456 1360
456 1712
456 1752
456 1936
456 1964
457 467
457 507
457 629
457 774
457 775
458 931
458 1843
458 1919
458 1936
458 1991
459 745
459 1427
459 1848
460 471
460 504
460 638
460 753
460 1036
460 1203
460 1272
461 802
461 1022
461 1286
461 1354
461 1491
461 1909
461 1961
462 1195
462 1738
463 479
463 606
463 675
463 732
463 865
463 927
463 1538
463 1714
463 1792
463 1983
464 631
464 1198
464 1414
464 1447
464 1598
464 1834
464 1952
465 468
465 734
465 977
465 1222
465 1245
465 1321
465 1495
465 1635
465 1814
465 1834
465 1867
466 542
466 1742
466 1760
467 561
467 634
467 766
467 773
467 780
467 1188
467 1414
467 1539
467 1586
467 1916
467 1930
468 480
468 540
468 912
468 949
468 1205
468 1235
468 1241
468 1486
468 1506
468 1798
469 560
469 574
469 825
469 1063
469 1337
469 1405
469 1541
469 1553
469 1572
470 751
470 808
470 1129
470 1166
470 1351
470 1637
470 1735
471 1219
471 1533
471 1789
471 1850
471 1950
472 715
472 745
472 772
472 1115
472 1158
472 1623
472 1768
472 1804
472 1954
473 482
473 740
473 965
473 1153
474 497
474 500
474 817
474 966
474 1139
474 1299
474 1381
474 1410
474 1769
474 1902
474 1990
475 566
475 658
475 700
475 1249
475 1555
475 1833
476 892
476 1013
476 1038
476 1107
476 1183
476 1279
476 1322
476 1781
476 1792
477 690
477 750
477 972
477 1100
477 1120
477 1242
477 1463
477 1480
477 1622
477 1923
478 635
478 673
478 1001
478 1052
478 1383
478 1439
478 1724
479 634
479 1328
479 1455
479 1777
479 1836
479 1994
480 580
480 1068
480 1483
480 1639
480 1849
480 1938
481 608
481 694
481 909
481 943
481 990
481 1312
481 1397
482 733
482 774
482 806
482 853
482 1804
482 1834
482 1931
483 582
483 1053
483 1153
483 1195
483 1361
483 1692
483 1991
484 519
484 650
484 716
484 1080
484 1187
484 1580
484 1829
484 1957
485 655
485 1070
485 1504
485 1514
485 1591
485 1904
486 782
486 1077
486 1569
486 1680
486 1721
486 1850
487 578
487 711
487 931
487 1112
487 1206
487 1266
487 1411
487 1452
487 1659
488 1114
488 1403
488 1644
488 1726
488 1825
488 1933
489 575
489 1077
489 1279
489 1821
490 716
490 808
490 952
490 1082
490 1237
490 1242
490 1331
490 1475
490 1700
490 1798
490 1895
490 1970
491 512
491 681
491 825
491 912
491 1035
491 1341
491 1791
491 1797
491 1832
492 741
492 998
492 1222
492 1252
492 1562
493 703
493 863
493 951
493 1383
493 1410
493 1461
493 1600
493 1730
493 1805
493 1887
494 740
494 745
494 1073
494 1107
494 1312
494 1318
494 1391
494 1411
494 1569
494 1919
495 508
495 533
495 789
495 823
495 1015
495 1298
495 1913
495 1991
496 549
496 640
496 667
496 800
496 1447
496 1750
497 582
497 828
497 1181
497 1186
497 1456
497 1539
498 565
498 842
498 864
498 962
498 1019
498 1260
498 1497
498 1544
498 1617
498 1625
498 1792
498 1801
498 1859
498 1870
499 994
499 1005
499 1351
499 1501
499 1590
499 1610
499 1650
499 1685
499 1724
500 704
500 746
500 1023
500 1250
500 1329
500 1477
500 1625
500 1626
501 829
501 968
501 1115
501 1697
501 1993
501 1995
502 853
502 1204
502 1209
502 1368
502 1891
503 826
503 899
503 1023
503 1092
503 1344
503 1356
503 1392
503 1405
503 1450
503 1596
503 1664
504 985
504 1160
504 1400
504 1630
504 1663
504 1799
504 1985
505 718
505 872
505 919
505 1182
505 1298
505 1707
505 1951
506 935
506 1062
506 1169
506 1384
506 1398
506 1551
506 1698
506 1770
506 1793
506 1830
507 613
507 843
507 913
507 941
507 1052
507 1225
507 1341
507 1513
507 1543
507 1707
507 1817
508 1216
508 1251
508 1272
508 1285
508 1336
508 1530
508 1735
508 1750
508 1960
509 661
509 879
509 1091
509 1123
509 1241
509 1389
509 1599
509 1771
509 1823
509 1891
510 655
510 886
510 903
510 994
510 1134
510 1419
510 1465
510 1573
510 1950
511 1068
511 1285
511 1592
511 1594
511 1794
511 1818
511 1864
512 751
512 767
512 1057
512 1166
512 1467
512 1494
512 1864
512 1995
513 528
513 559
513 604
513 1653
513 1936
514 574
514 1334
514 1378
514 1520
514 1783
514 1795
515 895
515 1070
515 1202
515 1236
515 1568
515 1765
515 1935
516 613
516 1068
516 1334
516 1733
516 1950
517 661
517 737
517 960
517 1858
518 679
518 881
518 1050
518 1283
518 1453
518 1763
518 1768
518 1846
518 1906
518 1966
519 652
519 833
519 1026
519 1103
519 1321
519 1610
519 1661
519 1893
520 605
520 640
520 688
520 1044
520 1149
520 1395
520 1507
520 1936
521 737
521 760
521 793
521 1081
521 1275
522 660
522 888
522 1003
522 1207
522 1466
522 1486
522 1515
522 1568
522 1843
522 1854
522 1957
523 538
523 661
523 859
523 1258
523 1270
523 1480
523 1713
523 1791
524 534
524 678
524 754
524 1101
524 1118
524 1315
524 1501
524 1723
525 578
525 610
525 788
525 826
525 1339
525 1452
525 1595
525 1642
525 1749
525 1868
525 1895
526 959
526 971
526 1006
526 1109
526 1295
526 1457
526 1570
526 1708
526 1713
526 1920
527 734
527 1179
527 1196
527 1330
527 1422
527 1656
527 1910
527 1980
528 585
528 1159
528 1210
528 1363
528 1398
528 1418
528 1527
528 1833
528 1842
528 1960
529 724
529 756
529 837
529 1020
529 1055
529 1095
529 1127
529 1143
529 1265
529 1380
529 1634
529 1724
529 1839
529 1928
530 532
530 597
530 1424
530 1452
530 1861
531 592
531 1522
531 1752
532 778
532 925
532 936
532 1139
532 1166
532 1211
532 1430
532 1439
532 1542
532 1583
533 713
533 764
533 928
533 1032
533 1146
533 1198
533 1291
533 1296
533 1429
533 1499
533 1549
533 1593
533 1802
534 709
534 770
534 835
534 1249
534 1354
534 1362
534 1375
534 1376
534 1383
535 636
535 682
535 767
535 1296
535 1636
536 629
536 814
536 819
536 1189
536 1464
536 1506
537 734
537 899
537 925
537 1005
537 1109
537 1686
537 1750
538 928
538 1280
538 1766
538 1924
538 1960
539 1385
539 1482
539 1601
539 1613
539 1877
540 689
540 828
540 1127
540 1182
540 1217
540 1261
540 1399
540 1756
541 829
541 906
541 950
541 1021
541 1407
541 1629
541 1763
542 632
542 638
542 660
542 888
542 1083
542 1298
542 1938
542 1947
543 1217
543 1231
543 1270
543 1491
543 1573
543 1665
543 1923
544 835
544 954
544 1466
544 1476
544 1611
544 1639
544 1935
545 1148
545 1409
545 1643
545 1798
545 1819
546 557
546 569
546 678
546 896
546 1415
546 1688
546 1772
546 1947
546 1957
547 1237
547 1254
547 1678
547 1940
548 564
548 607
548 842
548 1316
548 1352
548 1448
548 1726
548 1817
549 621
549 733
549 739
549 851
549 959
549 1170
550 622
550 793
550 832
550 1002
550 1081
550 1147
550 1668
550 1891
550 1998
551 552
551 954
551 957
551 963
551 1031
551 1082
551 1135
551 1352
551 1589
551 1661
552 702
552 795
552 872
552 971
552 1033
552 1223
552 1256
552 1512
553 792
553 939
553 985
553 1332
553 1373
554 716
554 887
554 1269
554 1296
554 1326
554 1641
554 1765
554 1799
555 1048
555 1085
555 1688
555 1770
555 1983
556 781
556 929
556 980
556 1196
556 1656
556 1709
556 1880
557 599
557 682
557 767
557 768
557 939
557 988
557 1066
557 1243
557 1342
557 1529
557 1641
557 1718
557 1956
558 757
558 858
558 1161
558 1194
558 1486
558 1756
559 809
559 1325
559 1437
559 1526
559 1975
559 1995
560 726
560 1100
560 1161
560 1853
560 1929
561 871
561 1241
561 1591
561 1607
562 680
562 806
562 991
562 1301
562 1653
562 1824
563 575
563 708
563 1039
563 1104
563 1203
563 1328
564 933
564 1164
564 1231
564 1260
564 1404
564 1950
565 747
565 1207
565 1215
565 1784
565 1807
565 1964
566 867
566 949
566 1272
566 1662
566 1689
567 958
567 1554
567 1886
568 694
568 722
568 862
568 977
568 1000
568 1030
568 1067
568 1197
568 1286
568 1651
569 594
569 667
569 1137
569 1687
569 1712
570 1014
570 1073
570 1246
570 1253
570 1283
570 1345
570 1371
570 1614
570 1618
570 1635
570 1855
570 1935
571 684
571 752
571 898
571 1108
571 1196
571 1243
571 1296
571 1474
571 1852
571 1984
572 700
572 948
572 1171
572 1281
572 1348
572 1437
572 1574
573 1146
573 1268
573 1613
573 1725
573 1797
573 1810
574 794
574 812
574 850
574 1115
574 1364
574 1598
574 1763
574 1767
574 1837
574 1847
574 1853
575 641
575 659
575 771
575 838
575 885
575 894
575 981
575 1022
575 1090
575 1341
575 1754
575 1835
576 602
576 608
576 614
576 624
576 900
576 1170
576 1562
576 1828
576 1892
576 1992
577 615
577 667
577 672
577 743
577 883
577 1190
577 1226
577 1354
577 1486
577 1512
577 1534
577 1599
577 1766
577 1812
577 1813
578 603
578 793
578 882
578 1232
578 1408
578 1505
578 1599
578 1676
578 1722
578 1978
579 984
579 1118
579 1195
579 1273
579 1548
579 1638
579 1913
580 639
580 680
580 770
580 982
580 1156
580 1412
581 801
581 894
581 987
581 1166
581 1180
581 1229
581 1294
581 1540
581 1671
582 587
582 997
582 1247
582 1352
582 1393
583 939
583 993
583 1007
583 1171
583 1409
583 1799
583 1909
584 1287
584 1397
584 1690
584 1811
584 1987
585 898
585 1133
585 1180
586 948
586 1153
586 1172
586 1229
586 1557
586 1564
586 1678
586 1707
587 628
587 1204
587 1432
587 1641
587 1724
587 1856
588 832
588 885
588 1093
588 1117
588 1270
588 1566
588 1575
588 1606
588 1740
589 803
589 964
589 1177
589 1313
589 1876
590 1154
590 1292
590 1544
591 657
591 818
591 1225
591 1559
591 1721
591 1744
591 1899
592 827
592 860
592 936
592 987
592 1001
592 1136
592 1156
592 1755
593 601
593 727
593 731
593 837
593 930
593 984
593 1053
593 1244
593 1371
594 774
594 1284
594 1419
594 1506
594 1528
594 1536
594 1697
594 1977
595 965
595 1488
595 1508
595 1863
596 660
596 867
596 871
596 1016
596 1030
596 1172
596 1262
596 1782
596 1826
597 961
597 981
597 1402
597 1614
597 1701
597 1752
597 1901
598 612
598 646
598 683
598 692
598 935
598 1320
598 1444
598 1694
598 1698
598 1839
599 700
599 822
599 928
599 1062
599 1463
599 1662
599 1680
600 651
600 998
600 1338
600 1612
600 1678
600 1833
600 1887
601 637
601 711
601 1002
601 1159
601 1226
601 1270
601 1635
602 741
602 1013
602 1424
602 1514
602 1771
602 1786
603 608
603 836
603 864
603 887
603 1078
603 1164
603 1257
603 1340
603 1349
603 1552
603 1931
603 1977
604 851
604 1114
604 1488
604 1997
605 645
605 880
605 1885
605 1911
606 1063
606 1188
606 1458
606 1468
606 1701
607 999
607 1319
607 1403
607 1424
607 1538
607 1769
608 1129
608 1146
608 1266
608 1503
608 1592
608 1621
608 1852
609 633
609 721
609 892
609 1527
609 1895
609 1971
610 1314
610 1804
611 801
611 928
611 1229
611 1234
611 1328
611 1450
611 1494
611 1574
611 1575
611 1677
611 1692
612 1214
612 1351
612 1495
612 1927
613 1162
613 1288
613 1306
613 1539
613 1933
613 1958
614 697
614 1151
614 1162
614 1262
614 1452
614 1652
615 803
615 811
615 944
615 1267
615 1762
616 677
616 702
616 707
616 912
616 1292
616 1648
617 843
617 851
617 918
617 1217
617 1513
617 1573
617 1580
617 1726
618 639
618 772
618 821
618 908
618 1086
618 1290
618 1373
618 1569
619 682
619 767
619 832
619 979
619 1352
619 1541
619 1557
619 1698
619 1699
619 1829
620 662
620 672
620 682
620 1128
620 1219
620 1510
620 1648
620 1731
620 1963
621 667
621 693
621 1895
622 1059
622 1199
622 1431
622 1471
623 952
623 1117
623 1215
623 1439
623 1502
623 1973
624 878
624 935
624 989
624 1057
624 1076
624 1458
624 1714
625 664
625 746
625 947
625 987
625 1038
625 1238
625 1394
625 1635
625 1941
625 1951
626 687
626 979
626 1084
626 1105
626 1413
626 1427
626 1706
626 1730
626 1732
626 1753
626 1959
626 1971
627 689
627 783
627 1495
627 1531
627 1572
627 1579
628 857
628 1147
628 1165
628 1330
628 1374
628 1410
628 1463
628 1706
628 1908
629 831
629 916
629 1442
629 1499
629 1630
629 1911
630 878
630 879
630 1185
630 1558
630 1687
630 1899
630 1940
630 1990
631 784
631 791
631 1239
631 1588
631 1755
632 781
632 902
632 968
632 977
632 1568
632 1677
632 1709
633 734
633 994
633 1151
633 1671
633 1850
633 1930
634 914
634 932
634 1350
634 1460
635 777
635 986
635 1081
635 1159
635 1367
635 1683
635 1819
635 1853
635 1966
636 837
636 954
636 1161
636 1644
636 1677
636 1724
636 1990
637 1002
637 1154
637 1439
637 1541
637 1571
637 1579
638 643
638 753
638 1244
638 1343
638 1553
638 1681
638 1822
638 1833
639 1212
639 1827
640 1079
640 1241
640 1295
640 1706
641 1097
641 1155
641 1231
641 1336
642 937
642 1351
642 1353
642 1508
642 1525
642 1567
642 1978
642 1998
643 679
643 717
643 766
643 864
643 1095
643 1342
643 1407
643 1495
643 1741
643 1991
644 732
644 1218
644 1390
644 1890
645 785
645 805
645 1349
645 1442
645 1503
645 1520
645 1521
645 1622
645 1739
646 650
646 754
647 831
647 994
647 1017
647 1101
647 1159
647 1169
647 1395
648 748
648 766
648 1071
648 1088
648 1177
648 1237
648 1262
648 1738
648 1795
649 701
649 860
649 1089
649 1276
649 1618
650 678
650 1636
651 979
651 1011
651 1045
651 1535
652 695
652 792
652 801
652 1049
652 1163
652 1578
652 1721
652 1750
652 1799
652 1852
652 1862
653 848
653 1108
653 1277
653 1662
653 1664
653 1948
654 687
654 767
654 1022
654 1113
654 1309
654 1481
654 1603
654 1832
655 659
655 790
655 998
655 1043
655 1115
655 1194
655 1541
655 1864
655 1924
655 1986
656 819
656 884
656 886
656 1031
656 1174
656 1225
656 1424
656 1492
656 1518
656 1537
656 1749
656 1838
656 1880
657 1030
657 1580
657 1963
657 1970
658 1186
658 1327
658 1585
658 1735
658 1844
659 828
659 878
659 944
659 1062
659 1611
660 899
660 1232
660 1268
661 726
661 791
661 814
661 822
661 837
661 843
661 1017
661 1021
661 1120
661 1869
662 699
662 948
662 1072
662 1521
663 692
663 790
663 1273
663 1532
663 1627
663 1664
663 1956
664 930
664 1255
664 1327
664 1386
664 1499
664 1827
665 695
665 713
665 939
665 1387
665 1790
666 952
666 984
666 1161
666 1162
666 1856
666 1863
667 754
667 987
667 1153
667 1163
667 1405
667 1410
667 1724
668 822
668 1170
668 1790
669 1105
669 1193
669 1341
669 1968
670 763
670 826
670 998
670 1066
670 1318
670 1411
670 1596
671 802
671 806
671 1177
671 1355
671 1559
671 1703
671 1707
672 720
672 851
672 995
672 1188
672 1747
672 1988
673 723
673 961
673 1343
673 1361
673 1388
673 1524
673 1540
673 1714
673 1947
674 1043
674 1129
674 1403
674 1531
674 1564
674 1708
674 1801
674 1831
674 1864
675 708
675 933
675 1049
675 1218
675 1660
675 1817
676 698
676 1605
676 1724
676 1761
677 678
677 756
677 1143
677 1342
677 1387
677 1833
677 1836
677 1989
678 881
678 1162
678 1334
678 1465
678 1505
679 1123
679 1197
679 1242
679 1685
679 1813
679 1892
679 1974
680 1020
680 1205
680 1323
680 1454
680 1474
680 1658
680 1741
680 1931
681 1126
681 1179
681 1284
681 1433
681 1641
681 1904
682 924
683 972
683 1023
683 1821
684 694
684 731
684 1842
685 1406
685 1652
685 1778
685 1831
685 1904
686 822
686 959
686 992
686 1244
686 1422
686 1451
686 1533
686 1755
686 1853
687 978
687 1203
687 1321
687 1606
687 1677
687 1974
688 778
688 980
688 1045
688 1427
688 1635
688 1788
688 1807
688 1961
689 827
689 1090
689 1094
689 1490
689 1895
690 886
690 889
690 1066
690 1241
690 1279
690 1448
690 1483
690 1644
690 1744
690 1858
690 1968
691 741
691 822
691 1010
691 1095
691 1391
691 1445
691 1552
691 1887
691 1983
692 882
692 1101
692 1166
692 1368
692 1553
692 1700
692 1783
692 1881
693 900
693 1145
693 1211
693 1253
693 1617
693 1787
693 1895
694 720
694 739
694 788
694 870
694 1103
694 1221
694 1233
695 857
695 1027
695 1291
695 1563
695 1928
696 745
696 799
696 1129
696 1240
696 1297
696 1845
697 931
697 979
697 1654
697 1918
698 827
698 855
698 875
698 962
698 1441
698 1626
698 1791
699 710
699 921
699 1060
699 1078
699 1276
699 1461
700 743
700 929
700 1186
700 1241
700 1441
700 1642
701 786
701 1475
701 1561
702 873
702 1013
702 1371
702 1446
702 1620
703 724
703 846
703 1023
703 1557
703 1838
703 1934
703 1986
704 1033
704 1454
704 1553
704 1911
705 746
705 1049
705 1063
705 1149
705 1339
705 1652
705 1801
705 1945
706 880
706 1536
706 1904
707 791
707 808
707 968
707 1126
707 1167
707 1272
707 1626
708 1345
708 1478
709 757
709 758
709 1102
709 1362
709 1541
709 1557
709 1570
709 1667
709 1857
710 920
710 1014
710 1054
710 1747
710 1940
711 1196
711 1309
711 1349
711 1605
711 1653
712 987
712 1304
712 1494
712 1572
712 1620
712 1915
713 734
713 920
713 1014
713 1711
713 1727
713 1840
713 1984
714 863
714 1060
714 1788
715 891
715 931
715 1570
715 1617
715 1769
715 1777
715 1882
716 1182
716 1213
716 1368
716 1419
716 1653
716 1908
717 962
717 1349
717 1581
717 1596
717 1678
717 1865
718 880
718 1040
718 1169
718 1353
718 1504
718 1707
718 1949
719 894
719 944
719 1006
719 1099
719 1385
719 1559
719 1937
720 992
720 1082
720 1103
720 1157
720 1549
720 1724
720 1889
720 1956
720 1989
721 829
721 845
721 878
721 1067
721 1225
721 1352
721 1603
721 1631
721 1916
722 925
722 1015
722 1260
722 1793
722 1908
723 768
723 835
723 1186
723 1280
723 1338
723 1426
723 1455
723 1582
723 1598
723 1714
723 1950
724 885
724 1026
724 1397
724 1449
724 1529
725 752
725 961
725 975
725 1133
725 1719
725 1979
726 728
726 853
726 988
726 1011
726 1705
726 1804
727 869
727 1027
727 1205
727 1292
727 1313
727 1541
727 1600
727 1862
728 894
728 917
728 963
728 1689
729 882
729 979
729 1135
729 1502
729 1594
729 1731
729 1818
729 1958
730 773
730 979
730 1068
730 1117
730 1194
730 1954
731 947
731 1208
731 1216
731 1342
731 1607
731 1713
731 1728
732 753
732 880
732 1261
732 1389
732 1668
732 1723
732 1842
732 1935
733 961
733 1657
733 1845
733 1854
734 1161
734 1568
734 1688
734 1838
734 1977
735 923
735 1012
735 1071
735 1219
735 1412
735 1549
735 1626
735 1673
735 1691
735 1932
736 815
736 998
736 1025
736 1983
737 793
737 954
737 1007
737 1073
737 1463
737 1535
737 1570
737 1713
737 1715
738 1101
738 1748
738 1785
739 1144
739 1405
739 1562
739 1969
740 761
740 858
740 860
740 1205
740 1222
740 1428
740 1496
740 1590
740 1663
740 1743
741 1112
741 1122
741 1147
741 1269
741 1541
741 1645
741 1680
742 755
742 769
742 808
742 1135
742 1192
742 1259
743 781
743 1056
743 1171
743 1361
743 1466
743 1568
743 1905
744 1070
744 1453
744 1505
744 1575
744 1672
745 1176
745 1212
745 1841
745 1910
745 1918
745 1937
745 1999
746 748
746 1020
746 1135
746 1480
746 1946
747 769
747 810
747 1092
747 1325
747 1417
747 1486
747 1743
747 1770
748 763
748 957
748 971
748 1059
748 1094
748 1612
748 1784
748 1837
748 1899
749 1263
749 1478
749 1728
749 1765
749 1841
749 1934
749 1981
750 946
750 1273
750 1694
750 1823
751 945
751 1185
751 1289
751 1296
751 1719
751 1720
752 779
752 1144
752 1239
752 1288
752 1394
752 1418
752 1483
752 1704
752 1716
752 1759
752 1935
753 784
753 1903
754 1104
754 1250
754 1507
754 1514
754 1859
755 807
755 896
755 1274
755 1557
755 1685
755 1691
755 1801
755 1810
755 1902
755 1933
756 1093
756 1498
756 1999
757 1158
757 1428
758 978
758 1056
758 1067
758 1277
758 1285
758 1593
759 879
759 931
759 974
759 1152
759 1172
759 1216
759 1264
759 1432
759 1464
759 1629
759 1726
760 925
760 1238
760 1363
760 1474
761 1067
761 1113
761 1169
761 1261
761 1407
761 1552
761 1793
761 1795
762 784
762 1138
762 1229
762 1670
762 1714
762 1726
762 1955
763 1134
763 1493
763 1696
763 1913
764 814
764 983
764 1252
764 1391
764 1641
764 1869
765 1008
765 1115
765 1254
765 1511
765 1641
765 1759
765 1977
766 816
766 822
766 853
766 888
766 950
766 1114
766 1325
766 1826
766 1917
767 820
767 1143
767 1222
767 1394
767 1549
767 1604
767 1712
768 851
768 1056
768 1179
768 1194
768 1381
768 1568
768 1654
768 1769
769 881
769 964
769 1305
769 1864
769 1929
770 848
770 872
770 955
770 1127
770 1136
770 1649
770 1707
771 806
771 902
771 1206
771 1327
771 1413
771 1631
771 1850
772 960
772 1384
772 1733
773 943
773 1090
773 1176
773 1333
773 1507
773 1936
774 925
774 980
774 1022
774 1199
774 1214
774 1757
775 821
775 1169
775 1498
775 1602
775 1609
775 1653
775 1884
776 1135
776 1307
776 1312
776 1438
777 849
777 1012
777 1274
777 1276
777 1465
777 1811
777 1929
778 1134
778 1278
778 1360
778 1407
778 1681
779 867
779 1011
779 1072
779 1381
779 1466
779 1703
779 1948
780 949
780 968
780 1291
780 1466
780 1584
780 1648
780 1727
780 1815
780 1931
780 1955
780 1985
781 942
781 1045
781 1142
781 1400
781 1516
781 1531
782 783
782 905
782 1077
782 1163
782 1494
782 1598
782 1724
782 1809
782 1886
782 1973
783 1057
783 1142
784 1446
784 1458
784 1564
784 1840
784 1888
784 1977
785 975
785 1065
785 1090
785 1540
785 1754
785 1867
786 859
786 926
786 1020
786 1120
786 1215
786 1304
787 1183
787 1347
787 1440
787 1639
788 834
788 863
788 1251
788 1587
788 1713
789 952
789 1003
789 1066
789 1176
789 1390
789 1590
789 1932
790 971
790 1144
790 1394
790 1444
790 1457
790 1658
790 1677
790 1774
791 1130
791 1245
791 1304
791 1370
792 1017
792 1149
792 1175
792 1481
792 1497
792 1758
792 1788
793 877
793 929
793 1018
793 1241
793 1743
793 1803
793 1924
794 894
794 1154
794 1324
794 1897
795 1023
795 1139
795 1436
795 1449
795 1573
795 1635
795 1695
795 1745
795 1775
796 1052
796 1266
796 1392
796 1767
796 1830
796 1983
797 1131
797 1847
797 1993
798 902
798 921
798 1169
798 1505
798 1640
798 1785
799 853
799 1025
799 1067
799 1082
799 1305
799 1413
799 1667
799 1701
799 1851
799 1898
799 1982
800 993
800 1082
800 1205
800 1427
800 1626
800 1717
800 1848
801 1066
801 1170
801 1370
801 1441
801 1445
801 1639
801 1641
801 1834
801 1838
802 848
802 879
802 1175
802 1259
802 1292
802 1406
802 1907
802 1968
803 1068
803 1197
803 1572
803 1802
804 890
804 998
804 1265
804 1346
804 1653
805 913
805 1185
805 1489
805 1675
805 1706
806 1330
806 1474
807 1302
807 1488
807 1584
807 1604
807 1708
807 1927
808 1015
808 1242
808 1257
808 1333
808 1437
808 1644
808 1686
809 1265
809 1366
809 1426
809 1451
809 1550
809 1642
809 1906
810 1225
810 1307
810 1681
810 1772
810 1972
810 1989
811 998
811 1270
811 1542
811 1568
811 1973
812 849
812 1024
812 1261
812 1372
812 1390
812 1480
812 1731
812 1746
812 1846
812 1887
812 1913
813 1153
813 1443
813 1565
814 1389
814 1439
814 1794
814 1911
814 1972
815 1218
815 1970
816 1053
816 1371
816 1943
816 1999
817 912
817 1034
817 1170
817 1238
817 1243
817 1257
817 1342
817 1581
817 1914
817 1946
818 928
818 944
818 1287
818 1408
818 1448
818 1538
818 1573
818 1706
818 1824
819 822
819 1136
819 1155
819 1194
819 1293
819 1357
819 1377
819 1538
819 1631
819 1663
819 1872
819 1904
820 1086
820 1568
820 1616
820 1710
820 1742
821 1890
822 882
822 1413
822 1517
822 1571
822 1679
822 1843
823 1739
824 846
824 847
824 901
824 1391
824 1555
824 1695
825 1018
825 1761
825 1786
826 919
826 1282
826 1803
826 1820
826 1840
827 983
827 1023
827 1543
827 1639
827 1799
827 1926
827 1955
827 1992
828 875
828 1091
828 1198
828 1872
828 1964
829 1371
830 1124
830 1205
830 1305
830 1361
830 1384
830 1735
830 1803
830 1839
830 1963
831 958
831 1398
831 1938
832 1044
832 1095
832 1259
832 1317
832 1514
833 1098
833 1125
833 1268
833 1501
833 1927
834 884
834 1215
834 1260
834 1300
834 1315
834 1517
835 1048
835 1154
835 1202
835 1247
835 1641
835 1743
835 1754
835 1871
835 1886
836 1267
836 1370
836 1806
837 1090
837 1616
837 1675
837 1726
838 875
838 1018
838 1095
838 1135
838 1275
838 1515
838 1926
839 1126
839 1277
839 1620
839 1980
839 1990
840 1375
840 1549
840 1839
840 1935
841 987
841 1097
841 1301
841 1679
842 1080
842 1259
842 1677
842 1743
842 1793
842 1819
842 1982
843 1018
843 1163
843 1244
843 1582
843 1721
843 1916
843 1953
843 1955
844 849
844 1027
844 1086
844 1121
844 1230
844 1299
844 1461
844 1486
844 1558
844 1764
845 900
845 1050
845 1140
845 1383
845 1678
845 1721
846 913
846 1082
846 1245
846 1594
846 1703
846 1802
846 1961
847 939
847 1019
847 1075
847 1627
847 1852
847 1971
848 1454
848 1559
848 1572
848 1596
849 1821
849 1845
849 1987
850 876
850 1147
850 1208
850 1211
850 1226
850 1287
850 1511
850 1573
850 1721
850 1791
850 1924
850 1929
851 1100
851 1204
852 905
852 1237
853 894
853 1146
853 1257
853 1407
853 1427
853 1621
854 955
854 1033
854 1481
854 1921
855 1242
855 1666
855 1841
856 902
856 910
856 1008
856 1050
856 1240
856 1427
856 1793
856 1833
857 1155
857 1516
857 1620
857 1741
858 904
858 1126
858 1236
858 1428
858 1489
858 1541
858 1771
858 1794
859 1095
859 1346
859 1677
859 1945
860 895
860 1250
860 1318
860 1359
860 1387
860 1394
860 1441
860 1560
860 1796
860 1880
860 1926
860 1989
861 1204
861 1313
861 1458
861 1940
862 1394
862 1411
862 1468
862 1907
863 1108
863 1121
863 1125
863 1167
863 1523
864 1139
864 1172
864 1210
864 1356
864 1517
864 1943
864 1975
865 931
865 1040
865 1087
865 1198
865 1258
865 1276
866 886
866 1448
866 1518
866 1970
867 1011
867 1124
867 1305
867 1366
867 1695
867 1769
868 1119
868 1166
868 1299
868 1430
868 1724
868 1891
868 1911
868 1989
869 1514
869 1747
869 1900
869 1935
870 1165
870 1259
870 1399
871 901
871 916
871 1409
871 1453
871 1645
871 1856
871 1955
872 1391
872 1506
872 1569
872 1570
872 1577
872 1611
873 917
873 957
873 1321
873 1322
873 1433
873 1557
873 1613
873 1786
873 1975
874 1105
874 1144
874 1259
874 1413
874 1503
874 1649
874 1651
875 958
875 960
875 1289
875 1413
875 1528
875 1836
875 1917
876 923
876 1504
876 1664
876 1881
877 935
877 1592
877 1671
877 1900
878 968
878 1059
878 1856
878 1865
878 1905
878 1936
879 926
879 1082
879 1190
879 1218
879 1228
879 1370
879 1465
879 1573
879 1914
880 1003
880 1225
880 1486
880 1579
880 1764
881 911
881 1119
881 1407
881 1410
881 1504
881 1646
882 1102
882 1573
883 911
883 998
883 1007
883 1366
883 1460
883 1542
883 1610
883 1720
883 1984
884 1286
884 1391
884 1669
884 1833
884 1904
884 1929
885 1153
885 1320
885 1364
885 1510
885 1932
885 1976
886 928
886 1008
886 1141
886 1234
886 1343
886 1497
886 1707
886 1998
887 1354
887 1443
887 1749
887 1775
887 1813
888 892
888 913
888 1050
888 1059
888 1221
888 1544
889 1009
889 1312
889 1894
890 893
890 980
890 1006
890 1078
890 1214
890 1227
890 1658
891 944
891 1130
891 1253
891 1459
891 1639
891 1800
891 1918
892 1605
893 905
893 943
893 1083
893 1225
893 1590
893 1912
893 1944
894 1073
894 1158
894 1255
895 1068
895 1512
895 1695
895 1918
896 1029
896 1066
896 1093
896 1119
896 1482
897 973
897 1300
897 1470
897 1839
897 1870
898 1014
898 1618
898 1734
899 1133
899 1512
900 1000
900 1362
900 1470
900 1514
901 1350
901 1416
901 1855
902 1095
902 1108
902 1179
902 1415
902 1606
902 1966
903 951
903 1125
903 1241
903 1620
903 1898
904 1045
904 1170
904 1275
904 1349
904 1607
905 1039
905 1089
905 1121
905 1469
905 1602
905 1616
905 1655
905 1712
906 932
906 945
906 1444
906 1541
906 1986
907 1158
907 1248
907 1501
907 1544
907 1547
908 962
908 1050
908 1220
908 1650
909 1079
909 1087
909 1136
909 1329
909 1468
909 1576
909 1652
909 1794
909 1840
909 1890
909 1931
910 1549
910 1647
910 1819
911 1142
911 1510
911 1860
912 1096
912 1100
912 1194
912 1295
912 1602
912 1618
912 1622
913 1193
913 1388
913 1614
913 1893
913 1905
914 1054
914 1147
914 1476
914 1514
914 1818
915 1007
915 1315
915 1426
915 1500
915 1730
915 1831
916 1059
916 1374
916 1393
916 1458
916 1636
917 1316
917 1589
917 1736
918 1168
918 1477
918 1713
918 1785
918 1802
919 1700
920 1533
920 1646
921 1495
921 1524
921 1701
921 1974
922 937
922 1521
922 1534
922 1659
923 999
923 1216
923 1237
923 1336
923 1554
923 1649
924 1196
924 1451
924 1638
924 1671
924 1830
924 1833
924 1925
924 1981
925 1074
925 1158
925 1226
925 1228
925 1318
925 1322
925 1630
925 1758
925 1862
926 1182
926 1464
926 1484
926 1518
926 1595
926 1632
926 1875
926 1978
927 1618
928 948
928 1292
928 1362
928 1575
928 1649
928 1961
929 953
929 1039
929 1363
929 1655
929 1675
929 1943
930 1011
930 1250
930 1553
930 1597
930 1768
931 949
931 1044
931 1062
931 1537
931 1556
932 1427
932 1461
932 1785
933 1643
933 1711
934 1057
934 1065
934 1176
934 1250
934 1291
934 1293
935 958
935 1294
935 1417
935 1487
935 1621
935 1856
935 1950
935 1988
936 958
936 1229
936 1285
936 1422
936 1558
936 1694
936 1776
936 1881
937 1139
937 1404
937 1519
937 1726
938 1109
938 1461
938 1764
938 1985
939 1039
939 1080
939 1175
939 1952
939 1958
940 1390
940 1799
941 987
941 1208
941 1414
941 1495
941 1529
941 1646
941 1911
942 1473
942 1541
942 1617
942 1730
942 1857
943 1259
943 1893
943 1948
944 1324
944 1457
944 1891
945 1018
945 1195
945 1243
945 1267
945 1280
945 1282
945 1381
945 1510
945 1733
945 1944
945 1970
946 947
946 1075
946 1281
946 1312
946 1479
946 1636
947 948
947 1074
947 1090
947 1175
947 1557
947 1979
947 1988
948 1939
949 1008
949 1429
949 1436
949 1585
949 1972
950 999
950 1645
950 1678
950 1742
950 1943
950 1991
950 1996
951 1285
951 1684
951 1795
951 1833
951 1946
952 1386
952 1427
952 1485
952 1508
952 1592
952 1638
952 1665
952 1820
953 1954
954 965
954 1676
954 1754
955 1045
955 1251
955 1884
956 1168
956 1393
956 1587
957 1145
957 1371
957 1411
957 1545
957 1725
957 1964
957 1994
958 1151
958 1226
958 1310
958 1317
958 1416
958 1469
958 1771
958 1921
959 965
959 993
959 1158
959 1458
959 1560
959 1953
960 993
960 1438
960 1452
960 1670
960 1861
961 1325
961 1366
961 1367
961 1709
961 1733
961 1805
961 1855
961 1902
962 1063
962 1098
962 1280
962 1541
962 1781
962 1975
963 1461
963 1475
963 1672
963 1812
963 1915
964 1655
964 1852
965 1033
965 1095
965 1452
965 1494
965 1627
965 1656
965 1900
966 1059
966 1255
966 1489
966 1573
966 1603
967 1078
967 1297
967 1304
967 1559
967 1694
967 1830
967 1983
968 1382
968 1858
969 1235
969 1537
969 1794
969 1919
969 1945
970 1075
970 1078
970 1240
970 1575
970 1736
971 1165
971 1556
971 1739
971 1781
972 1052
972 1071
972 1251
972 1286
972 1480
972 1652
972 1667
973 1187
973 1412
973 1597
973 1828
973 1910
974 1054
974 1095
974 1705
975 1053
975 1185
975 1214
975 1267
975 1412
975 1611
975 1662
975 1797
975 1986
976 978
976 1275
976 1712
976 1858
976 1926
976 1954
977 1041
977 1292
977 1299
977 1679
977 1758
977 1846
977 1896
977 1961
978 1212
978 1253
978 1609
978 1647
978 1790
978 1875
979 1344
979 1586
979 1780
979 1835
979 1909
979 1931
980 1011
980 1068
980 1077
980 1278
980 1299
980 1445
980 1962
981 1100
981 1427
981 1850
982 1260
982 1278
982 1754
982 1839
982 1868
983 1270
983 1296
983 1605
983 1703
983 1805
984 1479
984 1720
984 1947
985 1092
985 1236
986 1035
986 1483
986 1789
987 1077
987 1173
987 1286
987 1298
987 1577
988 1100
988 1117
988 1291
988 1430
988 1492
988 1701
989 1888
990 1572
990 1839
991 1131
991 1421
992 1637
992 1684
993 1166
993 1719
993 1732
993 1752
993 1868
994 1820
995 1082
995 1085
995 1089
995 1193
995 1419
995 1713
995 1828
996 1085
996 1109
996 1183
996 1239
996 1327
996 1472
996 1987
997 1132
998 1043
998 1315
998 1549
998 1801
998 1810
998 1831
999 1215
999 1431
999 1920
1000 1117
1000 1581
1000 1711
1000 1905
1001 1009
1001 1071
1001 1224
1001 1395
1001 1461
1001 1502
1002 1772
1002 1778
1002 1806
1002 1867
1003 1035
1003 1425
1003 1473
1003 1602
1003 1858
1003 1899
1003 1937
1004 1070
1004 1080
1004 1120
1004 1124
1004 1257
1004 1318
1004 1427
1004 1496
1004 1946
1004 1947
1005 1146
1005 1180
1005 1494
1005 1813
1005 1827
1005 1892
1006 1193
1006 1259
1006 1488
1006 1941
1007 1356
1007 1383
1007 1636
1007 1885
1007 1996
1008 1166
1008 1197
1008 1547
1008 1735
1008 1791
1008 1877
1009 1069
1009 1094
1009 1280
1009 1611
1009 1751
1010 1330
1010 1385
1010 1451
1010 1678
1010 1787
1011 1231
1011 1598
1011 1654
1011 1790
1012 1089
1012 1165
1012 1177
1012 1255
1012 1309
1012 1394
1012 1464
1012 1811
1012 1874
1012 1917
1012 1969
1013 1170
1013 1252
1013 1438
1013 1698
1013 1836
1013 1855
1013 1866
1013 1979
1014 1041
1014 1228
1014 1318
1014 1416
1014 1519
1014 1642
1014 1780
1014 1805
1015 1517
1015 1749
1015 1901
1016 1809
1016 1982
1017 1662
1017 1987
1018 1874
1018 1989
1019 1226
1019 1332
1019 1842
1020 1604
1020 1981
1021 1311
1021 1418
1021 1743
1021 1855
1021 1867
1022 1140
1022 1262
1022 1505
1022 1862
1023 1024
1023 1058
1023 1116
1023 1199
1023 1305
1023 1503
1023 1540
1023 1881
1024 1325
1024 1653
1024 1711
1024 1875
1024 1889
1024 1949
1025 1282
1025 1520
1025 1541
1025 1661
1026 1081
1026 1318
1026 1627
1026 1829
1026 1951
1027 1065
1027 1369
1028 1426
1028 1525
1028 1708
1028 1980
1029 1174
1029 1949
1030 1534
1030 1800
1030 1990
1031 1234
1031 1247
1031 1455
1031 1565
1031 1706
1031 1940
1032 1107
1032 1152
1032 1159
1032 1275
1032 1350
1032 1355
1032 1512
1032 1614
1032 1867
1032 1990
1033 1595
1033 1674
1033 1893
1034 1228
1034 1329
1034 1805
1035 1068
1035 1626
1036 1490
1036 1645
1036 1879
1036 1906
1037 1101
1037 1125
1037 1355
1037 1544
1037 1579
1037 1676
1037 1912
1038 1184
1038 1335
1038 1420
1038 1586
1038 1622
1038 1696
1038 1741
1038 1800
1038 1813
1038 1838
1039 1592
1039 1640
1040 1153
1040 1795
1040 1900
1040 1967
1041 1752
1041 1761
1041 1948
1042 1149
1043 1245
1043 1955
1044 1710
1044 1831
1045 1203
1045 1504
1045 1565
1045 1586
1045 1611
1046 1391
1046 1521
1046 1801
1047 1254
1047 1457
1047 1997
1048 1190
1048 1524
1048 1541
1048 1548
1048 1885
1048 1889
1048 1993
1049 1145
1049 1296
1049 1460
1049 1710
1050 1176
1050 1239
1050 1297
1050 1556
1050 1660
1050 1878
1051 1072
1051 1189
1051 1226
1051 1256
1051 1317
1051 1434
1051 1594
1051 1642
1052 1352
1052 1356
1052 1525
1053 1106
1053 1119
1053 1203
1053 1373
1053 1397
1053 1611
1054 1166
1054 1389
1054 1393
1054 1553
1054 1614
1054 1684
1054 1840
1055 1214
1055 1784
1056 1199
1056 1214
1056 1256
1056 1279
1056 1283
1056 1468
1056 1572
1056 1944
1056 1971
1057 1150
1057 1205
1057 1536
1057 1849
1058 1563
1058 1974
1059 1364
1059 1593
1060 1354
1061 1265
1061 1536
1061 1625
1061 1771
1061 1799
1061 1928
1062 1086
1062 1159
1062 1163
1062 1245
1062 1317
1063 1617
1063 1672
1064 1233
1064 1297
1064 1458
1064 1466
1064 1504
1064 1553
1064 1802
1064 1882
1065 1139
1065 1559
1066 1100
1066 1216
1066 1441
1066 1717
1066 1963
1067 1780
1068 1287
1068 1678
1068 1681
1069 1270
1069 1364
1069 1395
1069 1525
1069 1759
1069 1859
1069 1869
1069 1948
1070 1224
1070 1291
1070 1650
1070 1808
1071 1183
1071 1803
1071 1813
1072 1291
1072 1554
1072 1935
1073 1342
1073 1344
1073 1407
1073 1557
1073 1566
1073 1670
1073 1973
1074 1080
1074 1108
1074 1213
1074 1383
1074 1479
1074 1598
1074 1658
1074 1684
1074 1693
1074 1827
1074 1915
1075 1115
1075 1172
1075 1223
1075 1317
1075 1427
1076 1106
1076 1341
1076 1486
1076 1493
1076 1540
1076 1934
1077 1093
1077 1464
1077 1573
1077 1585
1077 1656
1077 1866
1077 1892
1078 1351
1078 1386
1078 1627
1078 1750
1078 1926
1079 1305
1079 1415
1079 1416
1079 1523
1079 1661
1079 1934
1080 1165
1080 1596
1080 1663
1080 1686
1080 1974
1081 1321
1081 1595
1082 1576
1082 1651
1083 1088
1083 1179
1083 1353
1083 1904
1084 1182
1084 1199
1084 1460
1084 1726
1084 1734
1084 1789
1085 1435
1085 1446
1085 1714
1085 1853
1085 1897
1086 1133
1086 1264
1086 1520
1086 1714
1086 1831
1086 1885
1086 1934
1086 1942
1086 1979
1087 1250
1087 1560
1087 1658
1088 1194
1088 1234
1088 1281
1088 1492
1088 1531
1088 1618
1088 1703
1088 1920
1089 1284
1089 1737
1090 1205
1090 1407
1090 1601
1090 1688
1090 1849
1090 1932
1091 1182
1091 1224
1091 1607
1092 1389
1092 1422
1092 1600
1092 1767
1092 1964
1093 1189
1093 1882
1093 1891
1093 1960
1093 1994
1094 1651
1094 1927
1095 1394
1095 1434
1095 1512
1096 1192
1096 1302
1096 1350
1096 1392
1096 1970
1097 1198
1097 1261
1097 1381
1097 1449
1098 1158
1098 1371
1098 1784
1098 1843
1099 1109
1099 1383
1099 1398
1099 1486
1099 1500
1099 1631
1099 1633
1099 1700
1099 1708
1100 1102
1100 1164
1100 1255
1100 1394
1100 1723
1100 1790
1100 1982
1101 1192
1101 1336
1101 1534
1102 1289
1102 1332
1102 1379
1102 1447
1102 1489
1102 1871
1103 1374
1104 1820
1104 1919
1104 1951
1105 1404
1105 1409
1105 1642
1105 1691
1105 1736
1105 1786
1105 1797
1106 1485
1106 1758
1106 1860
1107 1363
1107 1435
1107 1691
1107 1715
1108 1393
1108 1780
1108 1871
1109 1513
1109 1690
1110 1123
1110 1479
1110 1481
1110 1661
1110 1680
1110 1848
1110 1865
1110 1875
1111 1346
1111 1767
1111 1998
1112 1172
1112 1282
1112 1361
1112 1363
1112 1575
1112 1621
1113 1134
1113 1294
1113 1540
1113 1832
1113 1925
1114 1143
1114 1344
1114 1430
1114 1513
1114 1801
1114 1843
1114 1870
1114 1933
1114 1988
1115 1418
1115 1421
1115 1746
1115 1781
1115 1795
1115 1855
1116 1389
1116 1682
1117 1222
1117 1230
1117 1239
1117 1517
1117 1529
1117 1670
1117 1789
1117 1794
1118 1504
1118 1642
1118 1689
1118 1945
1119 1582
1119 1707
1120 1151
1120 1276
1120 1514
1120 1560
1120 1701
1120 1886
1120 1946
1121 1417
1121 1847
1122 1269
1122 1315
1122 1709
1123 1258
1123 1464
1123 1503
1123 1845
1125 1346
1125 1398
1125 1675
1125 1954
1126 1145
1126 1217
1126 1231
1126 1376
1126 1422
1127 1246
1127 1332
1127 1412
1127 1642
1128 1238
1128 1408
1128 1445
1128 1647
1128 1811
1128 1931
1129 1423
1129 1456
1129 1894
1130 1223
1130 1491
1130 1539
1130 1711
1130 1765
1130 1871
1130 1921
1130 1980
1131 1309
1131 1681
1131 1770
1131 1935
1132 1249
1132 1294
1132 1319
1132 1678
1132 1777
1133 1178
1133 1195
1133 1205
1133 1214
1133 1277
1133 1571
1133 1605
1133 1659
1133 1739
1134 1142
1134 1472
1134 1857
1134 1917
1135 1436
1135 1497
1135 1731
1135 1805
1136 1374
1136 1377
1136 1738
1137 1615
1137 1654
1137 1747
1138 1213
1138 1676
1138 1722
1138 1809
1138 1941
1139 1609
1139 1657
1139 1910
1139 1940
1140 1405
1140 1750
1140 1874
1140 1877
1140 1918
1141 1410
1141 1629
1141 1952
1142 1238
1142 1467
1142 1544
1142 1598
1142 1952
1143 1231
1143 1414
1143 1420
1143 1590
1143 1955
1144 1648
1144 1673
1144 1887
1145 1373
1145 1635
1145 1674
1145 1760
1145 1980
1146 1291
1147 1531
1147 1799
1148 1400
1148 1689
1148 1809
1148 1811
1148 1928
1149 1210
1149 1693
1149 1730
1150 1208
1150 1233
1151 1312
1151 1485
1151 1738
1151 1886
1152 1255
1152 1296
1152 1324
1152 1947
1152 1982
1152 1988
1153 1309
1153 1475
1153 1740
1153 1856
1154 1646
1154 1830
1154 1954
1155 1370
1155 1401
1156 1490
1156 1598
1157 1413
1157 1462
1157 1496
1157 1589
1157 1617
1157 1629
1158 1197
1158 1294
1158 1322
1158 1556
1159 1336
1159 1358
1159 1753
1159 1763
1159 1840
1160 1232
1160 1335
1160 1399
1160 1836
1161 1165
1161 1332
1161 1337
1161 1371
1162 1253
1162 1349
1162 1453
1162 1521
1162 1641
1162 1866
1163 1234
1163 1295
1163 1705
1163 1880
1164 1183
1164 1458
1164 1460
1164 1796
1165 1178
1165 1314
1165 1443
1165 1856
1166 1213
1166 1403
1166 1534
1166 1857
1166 1949
1167 1240
1167 1439
1167 1543
1167 1703
1167 1859
1168 1377
1168 1537
1168 1603
1169 1176
1169 1367
1170 1216
1170 1264
1170 1467
1170 1568
1170 1630
1170 1664
1170 1675
1171 1396
1171 1662
1171 1808
1171 1913
1172 1229
1172 1936
1172 1952
1172 1965
1173 1280
1173 1297
1173 1367
1173 1403
1173 1493
1173 1547
1173 1760
1173 1820
1174 1219
1174 1621
1174 1792
1174 1966
1175 1375
1175 1425
1175 1429
1175 1496
1175 1848
1176 1276
1176 1342
1176 1345
1176 1636
1176 1757
1176 1870
1176 1930
1177 1181
1177 1258
1177 1313
1178 1483
1179 1264
1179 1283
1179 1388
1179 1426
1179 1647
1179 1821
1180 1201
1180 1269
1180 1283
1180 1501
1180 1647
1180 1677
1180 1713
1180 1773
1181 1406
1181 1552
1181 1613
1181 1876
1182 1396
1184 1521
1184 1572
1184 1614
1184 1907
1184 1958
1185 1194
1185 1494
1185 1691
1186 1238
1186 1512
1186 1567
1186 1780
1186 1859
1186 1929
1187 1278
1188 1313
1188 1352
1188 1559
1188 1606
1188 1689
1189 1402
1189 1626
1189 1783
1190 1448
1190 1805
1190 1838
1190 1972
1191 1542
1191 1654
1192 1468
1192 1533
1192 1782
1193 1421
1193 1444
1193 1860
1193 1904
1194 1255
1194 1301
1194 1424
1194 1750
1194 1840
1195 1344
1195 1415
1195 1437
1195 1537
1195 1806
1195 1999
1196 1357
1196 1515
1196 1547
1196 1817
1196 1939
1197 1656
1197 1690
1197 1699
1197 1752
1198 1361
1198 1363
1198 1837
1198 1878
1199 1456
1199 1959
1200 1322
1200 1373
1200 1772
1200 1834
1200 1866
1200 1954
1201 1358
1201 1538
1201 1546
1201 1572
1201 1678
1202 1230
1202 1462
1202 1464
1202 1582
1202 1712
1202 1760
1202 1891
1203 1376
1203 1963
1204 1525
1204 1571
1204 1704
1204 1712
1204 1804
1205 1375
1205 1444
1205 1576
1205 1753
1205 1784
1205 1979
1206 1372
1206 1394
1206 1479
1206 1509
1206 1600
1206 1671
1206 1847
1206 1858
1207 1236
1207 1440
1207 1467
1207 1551
1207 1597
1207 1640
1207 1753
1208 1359
1208 1399
1208 1568
1208 1705
1208 1707
1208 1796
1209 1233
1209 1555
1209 1625
1209 1713
1209 1978
1210 1435
1210 1485
1210 1793
1210 1850
1210 1916
1211 1399
1211 1419
1211 1732
1211 1822
1212 1225
1212 1367
1212 1437
1212 1767
1213 1714
1213 1904
1213 1975
1214 1327
1214 1586
1214 1648
1214 1652
1214 1933
1215 1298
1215 1305
1215 1523
1215 1551
1216 1883
1217 1744
1218 1575
1219 1259
1219 1308
1219 1580
1219 1798
1220 1308
1220 1632
1220 1681
1220 1728
1220 1783
1221 1241
1221 1298
1221 1452
1221 1577
1221 1753
1222 1303
1222 1470
1222 1698
1222 1744
1222 1878
1223 1669
1223 1943
1224 1293
1224 1895
1224 1914
1225 1293
1225 1462
1225 1921
1225 1949
1226 1400
1226 1431
1226 1754
1227 1734
1227 1886
1227 1908
1228 1895
1229 1356
1229 1411
1229 1737
1230 1384
1231 1325
1231 1486
1231 1608
1231 1680
1231 1824
1232 1465
1232 1572
1232 1668
1233 1419
1233 1455
1233 1570
1233 1586
1233 1828
1234 1317
1234 1372
1234 1898
1235 1339
1235 1892
1236 1594
1236 1703
1236 1748
1236 1749
1236 1823
1237 1269
1237 1389
1237 1513
1237 1894
1237 1925
1237 1939
1237 1976
1238 1283
1238 1296
1238 1361
1238 1432
1238 1501
1238 1751
1238 1866
1238 1954
1239 1444
1239 1732
1239 1973
1240 1279
1240 1416
1240 1424
1240 1774
1240 1812
1241 1299
1243 1413
1243 1522
1243 1536
1243 1753
1243 1762
1243 1983
1244 1343
1244 1507
1244 1707
1245 1283
1245 1711
1245 1964
1246 1380
1246 1434
1246 1516
1246 1517
1246 1597
1247 1299
1247 1369
1247 1697
1247 1884
1247 1920
1248 1541
1248 1572
1248 1617
1248 1618
1248 1783
1248 1852
1249 1637
1249 1793
1250 1344
1250 1961
1251 1662
1252 1263
1252 1412
1252 1780
1252 1965
1253 1295
1253 1780
1253 1904
1254 1438
1254 1443
1254 1980
1255 1344
1255 1432
1255 1763
1255 1775
1255 1800
1255 1838
1255 1977
1256 1327
1256 1424
1256 1686
1256 1770
1256 1895
1256 1919
1257 1610
1257 1615
1257 1736
1258 1369
1258 1491
1258 1823
1259 1284
1259 1324
1259 1379
1259 1384
1259 1427
1259 1432
1259 1503
1259 1848
1260 1350
1260 1360
1260 1512
1260 1749
1260 1968
1261 1787
1262 1422
1262 1980
1263 1305
1263 1343
1263 1372
1263 1864
1264 1411
1264 1500
1264 1787
1264 1844
1265 1272
1265 1528
1265 1931
1265 1978
1266 1462
1266 1522
1266 1529
1266 1763
1266 1860
1267 1591
1267 1766
1267 1767
1267 1941
1268 1457
1268 1882
1269 1617
1269 1619
1269 1679
1269 1694
1269 1886
1269 1965
1270 1443
1270 1804
1270 1934
1271 1473
1271 1667
1271 1855
1271 1907
1271 1978
1272 1440
1272 1526
1272 1850
1273 1555
1273 1628
1274 1457
1274 1541
1274 1751
1275 1356
1275 1707
1275 1868
1276 1278
1276 1491
1277 1620
1277 1768
1278 1624
1278 1788
1278 1911
1279 1847
1280 1407
1280 1519
1280 1646
1281 1293
1281 1309
1281 1492
1281 1539
1281 1716
1281 1775
1282 1494
1282 1535
1283 1378
1283 1500
1283 1674
1284 1292
1284 1303
1284 1527
1285 1766
1286 1645
1286 1883
1286 1928
1287 1351
1287 1501
1288 1292
1288 1327
1288 1362
1288 1414
1288 1558
1288 1675
1288 1843
1288 1895
1288 1904
1289 1325
1289 1351
1289 1431
1289 1440
1289 1605
1289 1621
1290 1363
1290 1635
1290 1684
1290 1757
1290 1947
1290 1982
1291 1301
1291 1313
1291 1677
1291 1781
1291 1844
1291 1870
1291 1916
1292 1701
1292 1859
1293 1378
1293 1428
1293 1564
1293 1622
1293 1627
1294 1535
1294 1635
1294 1715
1295 1349
1295 1649
1295 1695
1296 1765
1296 1888
1297 1618
1297 1741
1298 1320
1298 1464
1298 1593
1298 1732
1298 1834
1299 1314
1299 1376
1299 1481
1299 1540
1299 1916
1299 1958
1300 1314
1300 1505
1300 1507
1300 1688
1300 1840
1301 1915
1302 1874
1302 1935
1302 1938
1302 1962
1303 1734
1303 1758
1303 1799
1304 1423
1304 1730
1305 1380
1305 1579
1305 1740
1305 1854
1306 1433
1306 1533
1306 1865
1307 1855
1308 1599
1308 1604
1308 1947
1309 1379
1309 1459
1309 1663
1309 1710
1309 1897
1309 1970
1310 1392
1311 1444
1311 1774
1311 1992
1311 1996
1312 1424
1312 1489
1312 1706
1313 1561
1313 1697
1313 1819
1314 1345
1314 1596
1314 1742
1314 1955
1315 1456
1315 1535
1316 1854
1317 1481
1317 1506
1317 1643
1318 1387
1318 1480
1318 1523
1318 1621
1318 1629
1318 1645
1319 1411
1319 1938
1320 1386
1320 1571
1320 1805
1320 1845
1320 1927
1321 1585
1321 1725
1322 1543
1322 1809
1323 1568
1323 1580
1323 1592
1323 1683
1323 1814
1324 1476
1324 1542
1324 1551
1324 1572
1324 1640
1324 1690
1324 1752
1324 1887
1325 1390
1325 1471
1325 1505
1325 1537
1325 1571
1325 1692
1325 1852
1325 1907
1325 1971
1326 1511
1326 1624
1326 1849
1327 1404
1327 1436
1327 1620
1327 1977
1328 1341
1328 1370
1328 1511
1328 1691
1328 1775
1328 1781
1328 1898
1328 1900
1329 1644
1329 1779
1329 1863
1329 1866
1330 1369
1330 1402
1330 1724
1330 1827
1330 1867
1330 1895
1330 1926
1331 1534
1331 1541
1331 1670
1331 1798
1332 1460
1332 1578
1332 1592
1332 1702
1332 1789
1332 1913
1332 1981
1333 1535
1333 1718
1333 1729
1334 1367
1334 1393
1334 1434
1334 1808
1334 1876
1334 1916
1334 1972
1334 1984
1335 1472
1335 1723
1336 1648
1336 1895
1336 1897
1337 1412
1337 1431
1337 1482
1337 1540
1338 1562
1338 1697
1339 1398
1339 1448
1339 1611
1339 1612
1339 1759
1339 1814
1339 1898
1340 1386
1340 1886
1341 1691
1341 1887
1341 1935
1342 1452
1342 1601
1343 1398
1343 1689
1343 1893
1343 1917
1344 1671
1344 1796
1345 1509
1345 1526
1345 1685
1345 1809
1346 1444
1346 1507
1346 1594
1346 1638
1346 1660
1347 1688
1348 1531
1348 1684
1349 1647
1350 1977
1351 1683
1351 1774
1351 1848
1352 1378
1352 1387
1352 1418
1352 1506
1352 1853
1352 1865
1352 1892
1353 1598
1353 1645
1353 1674
1353 1693
1354 1725
1355 1502
1355 1734
1355 1757
1355 1780
1355 1862
1355 1889
1356 1492
1356 1561
1356 1609
1356 1718
1357 1449
1357 1490
1358 1472
1358 1548
1358 1596
1358 1684
1359 1549
1359 1667
1359 1836
1359 1882
1359 1965
1360 1584
1360 1715
1360 1720
1360 1754
1360 1776
1361 1885
1362 1548
1362 1579
1362 1757
1363 1396
1363 1540
1363 1596
1363 1615
1363 1717
1363 1719
1363 1762
1364 1610
1364 1811
1364 1884
1364 1903
1365 1404
1365 1502
1365 1725
1365 1773
1365 1961
1365 1971
1365 1977
1366 1444
1366 1510
1366 1589
1366 1744
1366 1766
1366 1896
1368 1559
1368 1600
1368 1824
1368 1948
1369 1472
1369 1704
1370 1459
1370 1627
1371 1477
1371 1536
1371 1543
1371 1843
1371 1914
1371 1999
1372 1446
1372 1687
1372 1896
1374 1820
1374 1961
1375 1447
1375 1553
1375 1582
1376 1631
1376 1696
1376 1715
1376 1811
1377 1399
1377 1505
1377 1651
1377 1729
1377 1755
1377 1855
1378 1478
1379 1422
1379 1476
1379 1994
1380 1635
1381 1536
1381 1544
1381 1907
1381 1978
1382 1628
1382 1704
1382 1938
1383 1772
1383 1797
1383 1875
1383 1939
1384 1850
1385 1410
1385 1473
1385 1488
1385 1939
1385 1941
1386 1446
1386 1678
1387 1406
1387 1831
1387 1966
1388 1724
1388 1852
1388 1915
1389 1682
1389 1876
1389 1997
1390 1426
1390 1525
1390 1683
1390 1711
1390 1921
1390 1935
1390 1953
1390 1984
1391 1558
1391 1968
1392 1597
1392 1826
1392 1961
1393 1443
1393 1475
1393 1527
1395 1615
1395 1719
1395 1857
1396 1472
1396 1713
1397 1413
1397 1456
1397 1480
1397 1663
1397 1817
1398 1649
1398 1667
1398 1678
1398 1792
1398 1800
1399 1476
1399 1837
1399 1891
1400 1597
1400 1917
1401 1427
1401 1698
1401 1899
1401 1972
1402 1689
1402 1709
1402 1781
1403 1522
1404 1661
1405 1635
1405 1671
1405 1787
1405 1807
1405 1860
1406 1566
1406 1632
1407 1621
1407 1758
1407 1771
1408 1734
1409 1524
1409 1616
1409 1799
1409 1805
1409 1892
1409 1985
1410 1528
1410 1574
1410 1635
1410 1777
1410 1977
1411 1437
1411 1552
1411 1708
1411 1908
1411 1970
1412 1978
1413 1566
1413 1668
1413 1689
1413 1851
1413 1862
1413 1962
1414 1539
1414 1636
1415 1494
1415 1891
1416 1908
1416 1931
1417 1419
1417 1484
1417 1768
1418 1645
1418 1681
1418 1757
1418 1976
1419 1463
1419 1763
1419 1804
1420 1507
1420 1835
1420 1987
1422 1451
1422 1466
1422 1672
1422 1802
1422 1932
1423 1454
1423 1503
1423 1662
1423 1787
1423 1810
1424 1562
1424 1764
1424 1869
1424 1918
1425 1690
1425 1986
1426 1477
1426 1492
1426 1526
1426 1650
1426 1766
1426 1905
1427 1934
1427 1982
1427 1983
1428 1460
1428 1664
1428 1740
1428 1776
1428 1814
1428 1929
1429 1543
1429 1637
1429 1684
1429 1742
1429 1840
1429 1924
1430 1498
1430 1701
1430 1745
1431 1610
1431 1853
1431 1911
1431 1995
1432 1546
1432 1551
1432 1698
1432 1855
1432 1994
1433 1875
1434 1731
1434 1924
1435 1468
1435 1606
1435 1765
1436 1455
1436 1724
1436 1951
1437 1627
1437 1710
1438 1526
1439 1560
1439 1804
1440 1460
1440 1668
1440 1951
1441 1470
1441 1511
1441 1995
1442 1511
1442 1529
1442 1958
1443 1763
1443 1852
1444 1460
1444 1613
1444 1653
1444 1834
1445 1562
1445 1649
1445 1993
1446 1537
1446 1751
1447 1800
1447 1900
1448 1571
1448 1923
1449 1598
1450 1512
1450 1790
1450 1830
1450 1944
1452 1997
1453 1533
1453 1764
1453 1872
1454 1879
1456 1691
1456 1877
1456 1931
1457 1609
1457 1663
1458 1511
1458 1520
1458 1650
1458 1871
1458 1888
1459 1679
1459 1704
1459 1788
1460 1760
1460 1881
1460 1967
1460 1978
1461 1533
1461 1955
1462 1885
1462 1896
1463 1492
1463 1570
1463 1607
1463 1648
1463 1765
1463 1808
1463 1859
1465 1469
1465 1772
1465 1859
1466 1578
1466 1815
1468 1491
1468 1668
1468 1840
1469 1537
1469 1752
1469 1813
1469 1908
1470 1480
1471 1814
1472 1509
1473 1676
1474 1561
1474 1757
1474 1946
1475 1979
1476 1663
1476 1746
1476 1882
1477 1602
1478 1755
1480 1935
1482 1685
1482 1842
1483 1715
1483 1755
1484 1553
1485 1702
1485 1736
1487 1517
1487 1779
1487 1856
1488 1625
1488 1658
1488 1707
1488 1913
1488 1915
1489 1582
1489 1589
1490 1756
1490 1943
1491 1568
1491 1570
1491 1633
1491 1735
1491 1870
1492 1661
1492 1720
1492 1828
1492 1937
1493 1611
1493 1893
1494 1536
1494 1752
1495 1512
1495 1532
1495 1671
1496 1696
1496 1846
1496 1999
1497 1627
1497 1883
1499 1705
1499 1725
1499 1777
1501 1698
1501 1766
1501 1827
1501 1908
1502 1517
1502 1523
1502 1674
1502 1892
1502 1995
1503 1504
1503 1620
1504 1534
1504 1587
1504 1838
1504 1868
1505 1542
1505 1732
1505 1813
1505 1950
1505 1961
1506 1524
1506 1656
1506 1827
1506 1829
1506 1872
1506 1971
1507 1551
1508 1560
1508 1641
1508 1859
1508 1867
1508 1904
1510 1624
1510 1873
1510 1955
1511 1531
1511 1857
1512 1618
1512 1902
1513 1550
1513 1988
1514 1648
1514 1688
1514 1846
1514 1963
1515 1677
1515 1993
1516 1562
1516 1846
1516 1851
1516 1996
1517 1611
1517 1615
1517 1822
1518 1760
1518 1935
1519 1547
1519 1730
1519 1776
1520 1598
1520 1852
1520 1854
1521 1992
1522 1583
1522 1636
1522 1668
1523 1573
1523 1657
1523 1706
1523 1755
1523 1796
1524 1582
1524 1664
1524 1763
1525 1956
1526 1613
1526 1653
1526 1742
1526 1801
1526 1879
1527 1851
1528 1552
1528 1639
1528 1671
1528 1746
1528 1764
1529 1746
1529 1787
1529 1804
1529 1934
1530 1715
1530 1978
1531 1582
1531 1807
1532 1974
1533 1557
1533 1561
1533 1638
1533 1728
1533 1786
1533 1877
1534 1930
1534 1992
1535 1870
1536 1742
1536 1849
1536 1901
1537 1654
1537 1896
1537 1951
1538 1662
1538 1799
1538 1949
1539 1644
1539 1751
1539 1760
1540 1633
1540 1872
1541 1547
1541 1687
1541 1719
1541 1870
1543 1597
1543 1770
1543 1779
1543 1879
1543 1931
1545 1556
1545 1581
1545 1671
1545 1735
1545 1840
1545 1915
1546 1887
1547 1793
1547 1900
1548 1655
1549 1556
1549 1580
1549 1670
1549 1671
1549 1854
1550 1652
1550 1982
1551 1590
1551 1903
1552 1619
1552 1703
1552 1755
1553 1654
1553 1666
1553 1686
1553 1692
1553 1904
1554 1583
1554 1612
1555 1970
1557 1672
1557 1764
1557 1978
1558 1700
1558 1741
1558 1751
1559 1648
1559 1685
1560 1835
1560 1878
1560 1976
1561 1793
1561 1938
1562 1778
1562 1937
1562 1991
1563 1898
1563 1948
1564 1654
1564 1783
1564 1890
1564 1935
1565 1580
1565 1887
1565 1956
1566 1843
1566 1889
1567 1736
1567 1737
1568 1621
1568 1952
1569 1891
1569 1935
1570 1769
1570 1836
1570 1902
1570 1955
1573 1936
1573 1941
1574 1679
1575 1754
1575 1961
1576 1600
1576 1614
1576 1780
1576 1806
1577 1809
1577 1883
1577 1897
1578 1834
1578 1923
1579 1635
1579 1679
1579 1714
1580 1704
1580 1812
1581 1618
1581 1899
1581 1983
1583 1838
1584 1621
1584 1727
1584 1882
1585 1593
1586 1772
1586 1933
1587 1913
1587 1959
1588 1630
1588 1762
1588 1836
1589 1907
1589 1947
1589 1995
1590 1814
1590 1878
1591 1799
1593 1881
1593 1897
1593 1969
1594 1783
1595 1992
1596 1610
1596 1720
1597 1791
1597 1915
1599 1617
1599 1772
1599 1967
1601 1743
1601 1908
1601 1938
1601 1963
1602 1684
1603 1640
1603 1670
1603 1691
1603 1703
1603 1830
1603 1974
1604 1780
1605 1636
1605 1790
1605 1974
1606 1700
1606 1725
1607 1983
1607 1999
1609 1781
1609 1900
1613 1704
1613 1800
1613 1973
1614 1641
1614 1856
1614 1906
1615 1864
1615 1969
1616 1651
1616 1658
1616 1868
1617 1770
1618 1756
1619 1717
1620 1831
1621 1726
1621 1729
1623 1797
1624 1952
1625 1963
1626 1682
1626 1845
1626 1948
1626 1978
1627 1665
1627 1802
1627 1959
1628 1637
1628 1669
1628 1941
1628 1999
1629 1895
1630 1882
1630 1926
1631 1944
1631 1989
1632 1926
1633 1635
1633 1663
1633 1742
1633 1790
1635 1673
1635 1818
1635 1845
1636 1757
1638 1792
1638 1932
1639 1748
1640 1685
1640 1789
1641 1835
1641 1847
1641 1893
1642 1712
1642 1904
1643 1659
1643 1678
1643 1829
1643 1855
1643 1932
1643 1959
1644 1645
1644 1721
1644 1950
1646 1674
1646 1733
1646 1780
1646 1861
1646 1955
1648 1689
1648 1761
1648 1762
1648 1885
1649 1791
1649 1896
1651 1834
1651 1953
1652 1936
1652 1986
1653 1912
1653 1975
1654 1664
1654 1725
1654 1811
1654 1962
1654 1979
1655 1944
1656 1901
1657 1827
1658 1799
1659 1776
1659 1928
1660 1705
1661 1908
1661 1958
1661 1973
1663 1795
1663 1923
1663 1958
1663 1986
1664 1729
1664 1855
1664 1901
1665 1718
1665 1764
1666 1717
1666 1759
1666 1808
1667 1876
1668 1901
1670 1858
1673 1732
1673 1902
1674 1854
1676 1856
1676 1920
1677 1943
1678 1941
1678 1963
1679 1749
1679 1940
1680 1920
1680 1982
1681 1896
1681 1924
1682 1770
1682 1950
1682 1961
1683 1772
1683 1970
1683 1983
1684 1903
1684 1950
1685 1878
1685 1880
1685 1891
1686 1981
1687 1809
1687 1869
1688 1694
1689 1725
1689 1812
1691 1770
1691 1803
1692 1769
1692 1896
1692 1899
1692 1925
1693 1700
1694 1735
1694 1829
1694 1863
1694 1965
1695 1804
1695 1824
1695 1871
1695 1902
1695 1978
1696 1759
1697 1958
1698 1712
1698 1983
1699 1729
1700 1906
1700 1909
1702 1759
1702 1761
1703 1926
1704 1729
1704 1962
1705 1713
1705 1853
1705 1919
1705 1984
1706 1892
1706 1964
1707 1763
1707 1907
1708 1789
1708 1813
1709 1753
1709 1913
1710 1749
1710 1892
1710 1930
1711 1964
1712 1913
1712 1949
1713 1826
1713 1912
1714 1912
1714 1967
1715 1995
1716 1871
1717 1880
1717 1945
1717 1979
1718 1848
1719 1795
1719 1844
1719 1848
1719 1906
1721 1746
1721 1972
1724 1771
1724 1890
1724 1907
1726 1803
1726 1963
1727 1867
1728 1755
1728 1871
1728 1974
1728 1993
1731 1870
1731 1994
1734 1760
1736 1779
1737 1931
1738 1793
1738 1937
1740 1938
1742 1991
1743 1958
1744 1777
1745 1907
1746 1796
1748 1833
1748 1977
1749 1816
1750 1789
1750 1791
1750 1989
1754 1952
1755 1961
1756 1761
1759 1795
1759 1845
1762 1834
1763 1992
1763 1993
1765 1811
1767 1870
1767 1873
1767 1912
1768 1992
1770 1936
1770 1947
1771 1869
1771 1997
1772 1819
1772 1890
1774 1776
1774 1859
1777 1792
1777 1803
1777 1825
1777 1838
1780 1898
1780 1926
1781 1871
1781 1982
1784 1892
1786 1804
1787 1947
1790 1805
1790 1971
1791 1819
1791 1877
1791 1921
1791 1981
1792 1929
1792 1958
1792 1977
1793 1880
1794 1964
1794 1990
1795 1813
1795 1842
1795 1899
1796 1880
1796 1942
1797 1810
1798 1877
1798 1931
1801 1888
1804 1822
1808 1874
1810 1904
1810 1987
1811 1952
1811 1966
1812 1854
1812 1939
1812 1992
1815 1920
1816 1880
1820 1963
1824 1928
1826 1901
1828 1892
1830 1955
1831 1854
1833 1887
1833 1986
1838 1922
1838 1963
1839 1885
1839 1914
1839 1999
1840 1845
1840 1907
1841 1850
1842 1892
1843 1953
1843 1958
1843 1973
1845 1980
1847 1981
1848 1894
1849 1857
1849 1884
1850 1949
1850 1994
1852 1872
1852 1875
1852 1885
1855 1927
1855 1948
1855 1992
1856 1951
1858 1906
1859 1940
1859 1950
1864 1932
1864 1994
1870 1886
1870 1958
1870 1991
1874 1937
1875 1923
1875 1993
1876 1937
1876 1984
1879 1904
1879 1915
1879 1928
1880 1912
1884 1970
1885 1990
1892 1914
1902 1937
1904 1954
1905 1964
1906 1976
1907 1951
1913 1944
1916 1917
1918 1949
1922 1956
1925 1993
1943 1972
1946 1969
1947 1981
1948 1988
1949 1983
1950 1985
1953 1965
1956 1991
1976 1999
1977 1997
